Running 30s test @ http://localhost:8080/api/v1/books/random/cached/rows/1000/
  4 threads and 256 connections
  Thread calibration: mean lat.: 2618.629ms, rate sampling interval: 9314ms
  Thread calibration: mean lat.: 2569.099ms, rate sampling interval: 8904ms
  Thread calibration: mean lat.: 2574.127ms, rate sampling interval: 8888ms
  Thread calibration: mean lat.: 2571.834ms, rate sampling interval: 9068ms
  Thread Stats   Avg      Stdev     Max   +/- Stdev
    Latency     9.87s     2.72s   14.99s    58.69%
    Req/Sec     6.46k    77.66     6.55k    75.00%
  Latency Distribution (HdrHistogram - Recorded Latency)
 50.000%    9.76s 
 75.000%   12.31s 
 90.000%   13.62s 
 99.000%   14.55s 
 99.900%   14.81s 
 99.990%   14.94s 
 99.999%   15.00s 
100.000%   15.00s 

  Detailed Percentile spectrum:
       Value   Percentile   TotalCount 1/(1-Percentile)

    4784.127     0.000000            3         1.00
    6111.231     0.100000        50824         1.11
    7147.519     0.200000       101757         1.25
    7995.391     0.300000       152369         1.43
    8888.319     0.400000       203491         1.67
    9764.863     0.500000       253933         2.00
   10362.879     0.550000       279338         2.22
   10862.591     0.600000       305086         2.50
   11296.767     0.650000       330353         2.86
   11845.631     0.700000       355553         3.33
   12312.575     0.750000       381194         4.00
   12509.183     0.775000       393993         4.44
   12697.599     0.800000       406623         5.00
   12910.591     0.825000       419252         5.71
   13139.967     0.850000       431648         6.67
   13385.727     0.875000       444757         8.00
   13500.415     0.887500       451058         8.89
   13615.103     0.900000       457261        10.00
   13729.791     0.912500       463528        11.43
   13844.479     0.925000       469885        13.33
   13959.167     0.937500       476157        16.00
   14024.703     0.943750       479530        17.78
   14082.047     0.950000       482509        20.00
   14147.583     0.956250       485780        22.86
   14213.119     0.962500       489007        26.67
   14278.655     0.968750       492118        32.00
   14311.423     0.971875       493616        35.56
   14352.383     0.975000       495374        40.00
   14385.151     0.978125       496796        45.71
   14426.111     0.981250       498446        53.33
   14467.071     0.984375       500046        64.00
   14491.647     0.985938       500918        71.11
   14508.031     0.987500       501492        80.00
   14532.607     0.989062       502263        91.43
   14557.183     0.990625       503068       106.67
   14589.951     0.992188       504016       128.00
   14598.143     0.992969       504238       142.22
   14614.527     0.993750       504639       160.00
   14639.103     0.994531       505165       182.86
   14655.487     0.995313       505474       213.33
   14680.063     0.996094       505911       256.00
   14688.255     0.996484       506035       284.44
   14704.639     0.996875       506288       320.00
   14712.831     0.997266       506403       365.71
   14729.215     0.997656       506611       426.67
   14753.791     0.998047       506839       512.00
   14761.983     0.998242       506921       568.89
   14770.175     0.998437       506988       640.00
   14786.559     0.998633       507129       731.43
   14802.943     0.998828       507235       853.33
   14819.327     0.999023       507330      1024.00
   14827.519     0.999121       507368      1137.78
   14835.711     0.999219       507414      1280.00
   14843.903     0.999316       507454      1462.86
   14852.095     0.999414       507485      1706.67
   14868.479     0.999512       507539      2048.00
   14876.671     0.999561       507562      2275.56
   14884.863     0.999609       507586      2560.00
   14893.055     0.999658       507613      2925.71
   14909.439     0.999707       507655      3413.33
   14917.631     0.999756       507679      4096.00
   14917.631     0.999780       507679      4551.11
   14925.823     0.999805       507704      5120.00
   14925.823     0.999829       507704      5851.43
   14934.015     0.999854       507718      6826.67
   14942.207     0.999878       507731      8192.00
   14942.207     0.999890       507731      9102.22
   14950.399     0.999902       507742     10240.00
   14950.399     0.999915       507742     11702.86
   14958.591     0.999927       507753     13653.33
   14958.591     0.999939       507753     16384.00
   14966.783     0.999945       507759     18204.44
   14966.783     0.999951       507759     20480.00
   14974.975     0.999957       507765     23405.71
   14974.975     0.999963       507765     27306.67
   14983.167     0.999969       507768     32768.00
   14983.167     0.999973       507768     36408.89
   14991.359     0.999976       507773     40960.00
   14991.359     0.999979       507773     46811.43
   14991.359     0.999982       507773     54613.33
   14999.551     0.999985       507781     65536.00
   14999.551     1.000000       507781          inf
#[Mean    =     9874.764, StdDeviation   =     2720.379]
#[Max     =    14991.360, Total count    =       507781]
#[Buckets =           27, SubBuckets     =         2048]
----------------------------------------------------------
  752815 requests in 30.00s, 173.80MB read
Requests/sec:  25092.26
Transfer/sec:      5.79MB
