Running 30s test @ http://localhost:8080/api/v1/books/random/cached/rows/1000/
  4 threads and 256 connections
  Thread calibration: mean lat.: 2499.871ms, rate sampling interval: 10625ms
  Thread calibration: mean lat.: 3130.749ms, rate sampling interval: 11100ms
  Thread calibration: mean lat.: 3208.816ms, rate sampling interval: 11051ms
  Thread calibration: mean lat.: 3129.618ms, rate sampling interval: 10928ms
  Thread Stats   Avg      Stdev     Max   +/- Stdev
    Latency    13.45s     3.90s   20.48s    60.06%
    Req/Sec     4.95k    71.47     5.02k    75.00%
  Latency Distribution (HdrHistogram - Recorded Latency)
 50.000%   13.61s 
 75.000%   16.71s 
 90.000%   18.78s 
 99.000%   19.78s 
 99.900%   20.15s 
 99.990%   20.35s 
 99.999%   20.46s 
100.000%   20.50s 

  Detailed Percentile spectrum:
       Value   Percentile   TotalCount 1/(1-Percentile)

    5812.223     0.000000            1         1.00
    7385.087     0.100000        41285         1.11
    9756.671     0.200000        82544         1.25
   11231.231     0.300000       123772         1.43
   12566.527     0.400000       165129         1.67
   13606.911     0.500000       206181         2.00
   14106.623     0.550000       226752         2.22
   14671.871     0.600000       247507         2.50
   15228.927     0.650000       268064         2.86
   15958.015     0.700000       288631         3.33
   16711.679     0.750000       309367         4.00
   17121.279     0.775000       319563         4.44
   17547.263     0.800000       330113         5.00
   17874.943     0.825000       340232         5.71
   18202.623     0.850000       350862         6.67
   18497.535     0.875000       360858         8.00
   18644.991     0.887500       366223         8.89
   18776.063     0.900000       371443        10.00
   18907.135     0.912500       376601        11.43
   19038.207     0.925000       381526        13.33
   19185.663     0.937500       387051        16.00
   19251.199     0.943750       389622        17.78
   19316.735     0.950000       392160        20.00
   19382.271     0.956250       394638        22.86
   19447.807     0.962500       397173        26.67
   19513.343     0.968750       399742        32.00
   19546.111     0.971875       401001        35.56
   19578.879     0.975000       402219        40.00
   19611.647     0.978125       403443        45.71
   19644.415     0.981250       404630        53.33
   19693.567     0.984375       406188        64.00
   19709.951     0.985938       406672        71.11
   19726.335     0.987500       407123        80.00
   19759.103     0.989062       407967        91.43
   19791.871     0.990625       408677       106.67
   19824.639     0.992188       409289       128.00
   19841.023     0.992969       409552       142.22
   19857.407     0.993750       409806       160.00
   19873.791     0.994531       410027       182.86
   19906.559     0.995313       410421       213.33
   19939.327     0.996094       410716       256.00
   19955.711     0.996484       410858       284.44
   19972.095     0.996875       410989       320.00
   19988.479     0.997266       411117       365.71
   20021.247     0.997656       411325       426.67
   20054.015     0.998047       411495       512.00
   20070.399     0.998242       411568       568.89
   20086.783     0.998437       411631       640.00
   20103.167     0.998633       411695       731.43
   20135.935     0.998828       411813       853.33
   20152.319     0.999023       411864      1024.00
   20168.703     0.999121       411918      1137.78
   20185.087     0.999219       411959      1280.00
   20201.471     0.999316       411993      1462.86
   20217.855     0.999414       412036      1706.67
   20234.239     0.999512       412073      2048.00
   20234.239     0.999561       412073      2275.56
   20250.623     0.999609       412105      2560.00
   20250.623     0.999658       412105      2925.71
   20267.007     0.999707       412137      3413.33
   20283.391     0.999756       412158      4096.00
   20283.391     0.999780       412158      4551.11
   20299.775     0.999805       412174      5120.00
   20299.775     0.999829       412174      5851.43
   20316.159     0.999854       412190      6826.67
   20332.543     0.999878       412201      8192.00
   20332.543     0.999890       412201      9102.22
   20348.927     0.999902       412209     10240.00
   20348.927     0.999915       412209     11702.86
   20365.311     0.999927       412217     13653.33
   20381.695     0.999939       412224     16384.00
   20381.695     0.999945       412224     18204.44
   20381.695     0.999951       412224     20480.00
   20398.079     0.999957       412230     23405.71
   20398.079     0.999963       412230     27306.67
   20414.463     0.999969       412233     32768.00
   20414.463     0.999973       412233     36408.89
   20430.847     0.999976       412236     40960.00
   20430.847     0.999979       412236     46811.43
   20447.231     0.999982       412238     54613.33
   20447.231     0.999985       412238     65536.00
   20463.615     0.999986       412240     72817.78
   20463.615     0.999988       412240     81920.00
   20463.615     0.999989       412240     93622.86
   20479.999     0.999991       412243    109226.67
   20479.999     0.999992       412243    131072.00
   20479.999     0.999993       412243    145635.56
   20479.999     0.999994       412243    163840.00
   20479.999     0.999995       412243    187245.71
   20479.999     0.999995       412243    218453.33
   20479.999     0.999996       412243    262144.00
   20479.999     0.999997       412243    291271.11
   20479.999     0.999997       412243    327680.00
   20479.999     0.999997       412243    374491.43
   20496.383     0.999998       412244    436906.67
   20496.383     1.000000       412244          inf
#[Mean    =    13453.737, StdDeviation   =     3902.555]
#[Max     =    20480.000, Total count    =       412244]
#[Buckets =           27, SubBuckets     =         2048]
----------------------------------------------------------
  657318 requests in 30.00s, 151.75MB read
Requests/sec:  21907.71
Transfer/sec:      5.06MB
