Running 30s test @ http://localhost:8080/api/v1/books/random/cached/rows/1000/
  4 threads and 256 connections
  Thread calibration: mean lat.: 3498.957ms, rate sampling interval: 13025ms
  Thread calibration: mean lat.: 3462.343ms, rate sampling interval: 12836ms
  Thread calibration: mean lat.: 3394.352ms, rate sampling interval: 12902ms
  Thread calibration: mean lat.: 3325.604ms, rate sampling interval: 11821ms
  Thread Stats   Avg      Stdev     Max   +/- Stdev
    Latency    13.80s     3.84s   20.99s    59.62%
    Req/Sec     6.15k    30.07     6.18k    75.00%
  Latency Distribution (HdrHistogram - Recorded Latency)
 50.000%   13.81s 
 75.000%   17.09s 
 90.000%   19.04s 
 99.000%   20.48s 
 99.900%   20.76s 
 99.990%   20.87s 
 99.999%   20.96s 
100.000%   21.00s 

  Detailed Percentile spectrum:
       Value   Percentile   TotalCount 1/(1-Percentile)

    6443.007     0.000000            1         1.00
    8388.607     0.100000        48703         1.11
    9977.855     0.200000        97554         1.25
   11223.039     0.300000       145977         1.43
   12500.991     0.400000       194864         1.67
   13811.711     0.500000       243250         2.00
   14491.647     0.550000       267874         2.22
   15171.583     0.600000       292101         2.50
   15826.943     0.650000       316167         2.86
   16465.919     0.700000       340761         3.33
   17088.511     0.750000       364862         4.00
   17383.423     0.775000       377339         4.44
   17711.103     0.800000       389531         5.00
   18038.783     0.825000       401464         5.71
   18350.079     0.850000       413703         6.67
   18694.143     0.875000       426097         8.00
   18857.983     0.887500       431942         8.89
   19038.207     0.900000       438269        10.00
   19234.815     0.912500       444327        11.43
   19431.423     0.925000       450359        13.33
   19611.647     0.937500       456168        16.00
   19693.567     0.943750       459049        17.78
   19791.871     0.950000       462550        20.00
   19873.791     0.956250       465361        22.86
   19972.095     0.962500       468458        26.67
   20070.399     0.968750       471461        32.00
   20119.551     0.971875       472880        35.56
   20185.087     0.975000       474673        40.00
   20234.239     0.978125       475953        45.71
   20299.775     0.981250       477522        53.33
   20365.311     0.984375       479050        64.00
   20398.079     0.985938       479762        71.11
   20430.847     0.987500       480471        80.00
   20463.615     0.989062       481217        91.43
   20496.383     0.990625       481913       106.67
   20545.535     0.992188       482962       128.00
   20561.919     0.992969       483311       142.22
   20578.303     0.993750       483641       160.00
   20594.687     0.994531       483937       182.86
   20611.071     0.995313       484231       213.33
   20627.455     0.996094       484528       256.00
   20643.839     0.996484       484780       284.44
   20660.223     0.996875       485027       320.00
   20676.607     0.997266       485231       365.71
   20692.991     0.997656       485433       426.67
   20709.375     0.998047       485605       512.00
   20709.375     0.998242       485605       568.89
   20725.759     0.998437       485752       640.00
   20725.759     0.998633       485752       731.43
   20742.143     0.998828       485894       853.33
   20758.527     0.999023       486005      1024.00
   20758.527     0.999121       486005      1137.78
   20774.911     0.999219       486100      1280.00
   20774.911     0.999316       486100      1462.86
   20791.295     0.999414       486168      1706.67
   20807.679     0.999512       486234      2048.00
   20807.679     0.999561       486234      2275.56
   20807.679     0.999609       486234      2560.00
   20824.063     0.999658       486284      2925.71
   20824.063     0.999707       486284      3413.33
   20840.447     0.999756       486317      4096.00
   20840.447     0.999780       486317      4551.11
   20840.447     0.999805       486317      5120.00
   20856.831     0.999829       486342      5851.43
   20856.831     0.999854       486342      6826.67
   20873.215     0.999878       486358      8192.00
   20873.215     0.999890       486358      9102.22
   20889.599     0.999902       486370     10240.00
   20889.599     0.999915       486370     11702.86
   20905.983     0.999927       486382     13653.33
   20905.983     0.999939       486382     16384.00
   20905.983     0.999945       486382     18204.44
   20922.367     0.999951       486391     20480.00
   20922.367     0.999957       486391     23405.71
   20922.367     0.999963       486391     27306.67
   20938.751     0.999969       486396     32768.00
   20938.751     0.999973       486396     36408.89
   20938.751     0.999976       486396     40960.00
   20955.135     0.999979       486402     46811.43
   20955.135     0.999982       486402     54613.33
   20955.135     0.999985       486402     65536.00
   20955.135     0.999986       486402     72817.78
   20955.135     0.999988       486402     81920.00
   20955.135     0.999989       486402     93622.86
   20971.519     0.999991       486404    109226.67
   20971.519     0.999992       486404    131072.00
   20971.519     0.999993       486404    145635.56
   20987.903     0.999994       486406    163840.00
   20987.903     0.999995       486406    187245.71
   20987.903     0.999995       486406    218453.33
   20987.903     0.999996       486406    262144.00
   20987.903     0.999997       486406    291271.11
   20987.903     0.999997       486406    327680.00
   20987.903     0.999997       486406    374491.43
   20987.903     0.999998       486406    436906.67
   21004.287     0.999998       486407    524288.00
   21004.287     1.000000       486407          inf
#[Mean    =    13803.755, StdDeviation   =     3835.601]
#[Max     =    20987.904, Total count    =       486407]
#[Buckets =           27, SubBuckets     =         2048]
----------------------------------------------------------
  727411 requests in 30.00s, 167.93MB read
Requests/sec:  24245.55
Transfer/sec:      5.60MB
