Running 30s test @ http://localhost:8080/api/v1/books/random/cached/rows/1000/
  4 threads and 256 connections
  Thread calibration: mean lat.: 4081.102ms, rate sampling interval: 13590ms
  Thread calibration: mean lat.: 3083.169ms, rate sampling interval: 13459ms
  Thread calibration: mean lat.: 3793.152ms, rate sampling interval: 13484ms
  Thread calibration: mean lat.: 3839.194ms, rate sampling interval: 13451ms
  Thread Stats   Avg      Stdev     Max   +/- Stdev
    Latency    14.65s     4.36s   22.64s    57.54%
    Req/Sec     6.09k    41.80     6.12k    75.00%
  Latency Distribution (HdrHistogram - Recorded Latency)
 50.000%   14.50s 
 75.000%   18.46s 
 90.000%   20.74s 
 99.000%   22.22s 
 99.900%   22.51s 
 99.990%   22.59s 
 99.999%   22.63s 
100.000%   22.66s 

  Detailed Percentile spectrum:
       Value   Percentile   TotalCount 1/(1-Percentile)

    7086.079     0.000000            2         1.00
    8740.863     0.100000        47586         1.11
   10084.351     0.200000        94798         1.25
   11550.719     0.300000       142044         1.43
   12943.359     0.400000       189465         1.67
   14499.839     0.500000       236798         2.00
   15368.191     0.550000       260322         2.22
   16228.351     0.600000       284173         2.50
   16957.439     0.650000       307649         2.86
   17694.719     0.700000       331370         3.33
   18464.767     0.750000       355315         4.00
   18808.831     0.775000       366914         4.44
   19202.047     0.800000       378801         5.00
   19644.415     0.825000       390897         5.71
   20004.863     0.850000       402334         6.67
   20365.311     0.875000       414508         8.00
   20545.535     0.887500       420303         8.89
   20742.143     0.900000       426375        10.00
   20938.751     0.912500       432196        11.43
   21151.743     0.925000       438085        13.33
   21348.351     0.937500       443937        16.00
   21446.655     0.943750       446867        17.78
   21544.959     0.950000       449852        20.00
   21643.263     0.956250       452991        22.86
   21725.183     0.962500       455624        26.67
   21823.487     0.968750       458494        32.00
   21889.023     0.971875       460366        35.56
   21938.175     0.975000       461726        40.00
   21987.327     0.978125       463149        45.71
   22036.479     0.981250       464636        53.33
   22085.631     0.984375       466050        64.00
   22118.399     0.985938       466881        71.11
   22151.167     0.987500       467612        80.00
   22183.935     0.989062       468249        91.43
   22233.087     0.990625       469042       106.67
   22282.239     0.992188       469765       128.00
   22298.623     0.992969       470015       142.22
   22331.391     0.993750       470505       160.00
   22347.775     0.994531       470758       182.86
   22380.543     0.995313       471270       213.33
   22396.927     0.996094       471538       256.00
   22413.311     0.996484       471778       284.44
   22429.695     0.996875       472025       320.00
   22429.695     0.997266       472025       365.71
   22446.079     0.997656       472236       426.67
   22462.463     0.998047       472439       512.00
   22462.463     0.998242       472439       568.89
   22478.847     0.998437       472615       640.00
   22495.231     0.998633       472762       731.43
   22495.231     0.998828       472762       853.33
   22511.615     0.999023       472886      1024.00
   22511.615     0.999121       472886      1137.78
   22527.999     0.999219       472991      1280.00
   22527.999     0.999316       472991      1462.86
   22527.999     0.999414       472991      1706.67
   22544.383     0.999512       473076      2048.00
   22544.383     0.999561       473076      2275.56
   22560.767     0.999609       473144      2560.00
   22560.767     0.999658       473144      2925.71
   22560.767     0.999707       473144      3413.33
   22577.151     0.999756       473197      4096.00
   22577.151     0.999780       473197      4551.11
   22577.151     0.999805       473197      5120.00
   22577.151     0.999829       473197      5851.43
   22593.535     0.999854       473233      6826.67
   22593.535     0.999878       473233      8192.00
   22593.535     0.999890       473233      9102.22
   22593.535     0.999902       473233     10240.00
   22593.535     0.999915       473233     11702.86
   22609.919     0.999927       473255     13653.33
   22609.919     0.999939       473255     16384.00
   22609.919     0.999945       473255     18204.44
   22609.919     0.999951       473255     20480.00
   22609.919     0.999957       473255     23405.71
   22609.919     0.999963       473255     27306.67
   22609.919     0.999969       473255     32768.00
   22626.303     0.999973       473263     36408.89
   22626.303     0.999976       473263     40960.00
   22626.303     0.999979       473263     46811.43
   22626.303     0.999982       473263     54613.33
   22626.303     0.999985       473263     65536.00
   22626.303     0.999986       473263     72817.78
   22626.303     0.999988       473263     81920.00
   22626.303     0.999989       473263     93622.86
   22642.687     0.999991       473266    109226.67
   22642.687     0.999992       473266    131072.00
   22642.687     0.999993       473266    145635.56
   22642.687     0.999994       473266    163840.00
   22642.687     0.999995       473266    187245.71
   22642.687     0.999995       473266    218453.33
   22659.071     0.999996       473268    262144.00
   22659.071     1.000000       473268          inf
#[Mean    =    14654.907, StdDeviation   =     4359.741]
#[Max     =    22642.688, Total count    =       473268]
#[Buckets =           27, SubBuckets     =         2048]
----------------------------------------------------------
  688222 requests in 30.00s, 158.89MB read
Requests/sec:  22939.19
Transfer/sec:      5.30MB
