Running 30s test @ http://localhost:8080/api/v1/books/random/cached/rows/1000/
  4 threads and 256 connections
  Thread calibration: mean lat.: 10.191ms, rate sampling interval: 44ms
  Thread calibration: mean lat.: 11.681ms, rate sampling interval: 50ms
  Thread calibration: mean lat.: 106.730ms, rate sampling interval: 878ms
  Thread calibration: mean lat.: 79.273ms, rate sampling interval: 423ms
  Thread Stats   Avg      Stdev     Max   +/- Stdev
    Latency    11.34ms   10.06ms  81.79ms   87.07%
    Req/Sec     5.06k   741.95     8.91k    73.91%
  Latency Distribution (HdrHistogram - Recorded Latency)
 50.000%    8.40ms
 75.000%   13.57ms
 90.000%   23.41ms
 99.000%   54.11ms
 99.900%   70.27ms
 99.990%   78.33ms
 99.999%   80.32ms
100.000%   81.86ms

  Detailed Percentile spectrum:
       Value   Percentile   TotalCount 1/(1-Percentile)

       0.322     0.000000            1         1.00
       3.091     0.100000        39365         1.11
       4.487     0.200000        78736         1.25
       5.807     0.300000       118161         1.43
       7.055     0.400000       157481         1.67
       8.399     0.500000       196966         2.00
       9.135     0.550000       216581         2.22
       9.927     0.600000       236142         2.50
      10.831     0.650000       255849         2.86
      11.975     0.700000       275567         3.33
      13.567     0.750000       295169         4.00
      14.559     0.775000       304993         4.44
      15.663     0.800000       314843         5.00
      16.943     0.825000       324678         5.71
      18.527     0.850000       334516         6.67
      20.735     0.875000       344361         8.00
      21.999     0.887500       349326         8.89
      23.407     0.900000       354219        10.00
      25.087     0.912500       359128        11.43
      27.007     0.925000       364030        13.33
      29.199     0.937500       368947        16.00
      30.319     0.943750       371402        17.78
      31.663     0.950000       373882        20.00
      33.183     0.956250       376354        22.86
      35.135     0.962500       378813        26.67
      37.439     0.968750       381243        32.00
      38.719     0.971875       382475        35.56
      39.999     0.975000       383706        40.00
      41.663     0.978125       384938        45.71
      43.839     0.981250       386173        53.33
      46.495     0.984375       387386        64.00
      48.095     0.985938       388007        71.11
      50.015     0.987500       388615        80.00
      52.351     0.989062       389233        91.43
      55.391     0.990625       389851       106.67
      58.431     0.992188       390468       128.00
      59.583     0.992969       390773       142.22
      60.927     0.993750       391077       160.00
      61.983     0.994531       391391       182.86
      63.071     0.995313       391696       213.33
      64.063     0.996094       391999       256.00
      64.543     0.996484       392157       284.44
      65.087     0.996875       392307       320.00
      65.727     0.997266       392459       365.71
      66.495     0.997656       392621       426.67
      67.327     0.998047       392767       512.00
      67.775     0.998242       392843       568.89
      68.223     0.998437       392920       640.00
      68.927     0.998633       392997       731.43
      69.695     0.998828       393076       853.33
      70.335     0.999023       393154      1024.00
      70.655     0.999121       393192      1137.78
      71.103     0.999219       393231      1280.00
      71.935     0.999316       393267      1462.86
      72.831     0.999414       393307      1706.67
      73.791     0.999512       393343      2048.00
      74.303     0.999561       393363      2275.56
      74.751     0.999609       393385      2560.00
      75.071     0.999658       393403      2925.71
      75.327     0.999707       393422      3413.33
      76.031     0.999756       393438      4096.00
      76.607     0.999780       393448      4551.11
      77.055     0.999805       393459      5120.00
      77.375     0.999829       393469      5851.43
      77.631     0.999854       393478      6826.67
      77.951     0.999878       393486      8192.00
      78.143     0.999890       393491      9102.22
      78.399     0.999902       393496     10240.00
      78.847     0.999915       393501     11702.86
      79.167     0.999927       393506     13653.33
      79.359     0.999939       393510     16384.00
      79.551     0.999945       393514     18204.44
      79.679     0.999951       393515     20480.00
      79.871     0.999957       393519     23405.71
      79.935     0.999963       393524     27306.67
      79.935     0.999969       393524     32768.00
      79.935     0.999973       393524     36408.89
      79.999     0.999976       393525     40960.00
      80.127     0.999979       393526     46811.43
      80.191     0.999982       393528     54613.33
      80.191     0.999985       393528     65536.00
      80.255     0.999986       393529     72817.78
      80.319     0.999988       393530     81920.00
      80.319     0.999989       393530     93622.86
      80.383     0.999991       393531    109226.67
      80.383     0.999992       393531    131072.00
      81.023     0.999993       393532    145635.56
      81.023     0.999994       393532    163840.00
      81.023     0.999995       393532    187245.71
      81.471     0.999995       393533    218453.33
      81.471     0.999996       393533    262144.00
      81.471     0.999997       393533    291271.11
      81.471     0.999997       393533    327680.00
      81.471     0.999997       393533    374491.43
      81.855     0.999998       393534    436906.67
      81.855     1.000000       393534          inf
#[Mean    =       11.335, StdDeviation   =       10.062]
#[Max     =       81.792, Total count    =       393534]
#[Buckets =           27, SubBuckets     =         2048]
----------------------------------------------------------
  584173 requests in 30.00s, 134.86MB read
Requests/sec:  19471.69
Transfer/sec:      4.50MB
