Running 30s test @ http://localhost:8080/api/v1/books/random/cached/rows/1000/
  4 threads and 256 connections
  Thread calibration: mean lat.: 1723.614ms, rate sampling interval: 6213ms
  Thread calibration: mean lat.: 1699.036ms, rate sampling interval: 6262ms
  Thread calibration: mean lat.: 1701.379ms, rate sampling interval: 6107ms
  Thread calibration: mean lat.: 1537.776ms, rate sampling interval: 6221ms
  Thread Stats   Avg      Stdev     Max   +/- Stdev
    Latency     8.60s     2.76s   13.35s    59.79%
    Req/Sec     5.12k   490.04     5.71k    58.33%
  Latency Distribution (HdrHistogram - Recorded Latency)
 50.000%    8.95s 
 75.000%   11.00s 
 90.000%   12.20s 
 99.000%   12.95s 
 99.900%   13.19s 
 99.990%   13.29s 
 99.999%   13.35s 
100.000%   13.36s 

  Detailed Percentile spectrum:
       Value   Percentile   TotalCount 1/(1-Percentile)

    3149.823     0.000000            1         1.00
    4100.095     0.100000        40841         1.11
    5959.679     0.200000        81647         1.25
    7032.831     0.300000       122637         1.43
    7983.103     0.400000       163316         1.67
    8945.663     0.500000       204183         2.00
    9256.959     0.550000       225016         2.22
    9543.679     0.600000       245261         2.50
    9961.471     0.650000       265568         2.86
   10502.143     0.700000       285697         3.33
   11001.855     0.750000       306372         4.00
   11231.231     0.775000       316497         4.44
   11436.031     0.800000       326602         5.00
   11624.447     0.825000       336960         5.71
   11796.479     0.850000       347005         6.67
   11984.895     0.875000       357159         8.00
   12091.391     0.887500       362395         8.89
   12197.887     0.900000       367714        10.00
   12287.999     0.912500       372486        11.43
   12386.303     0.925000       377648        13.33
   12476.415     0.937500       382696        16.00
   12525.567     0.943750       385437        17.78
   12566.527     0.950000       387811        20.00
   12615.679     0.956250       390660        22.86
   12656.639     0.962500       392952        26.67
   12713.983     0.968750       395767        32.00
   12738.559     0.971875       396899        35.56
   12763.135     0.975000       398040        40.00
   12795.903     0.978125       399466        45.71
   12828.671     0.981250       400748        53.33
   12861.439     0.984375       401822        64.00
   12886.015     0.985938       402511        71.11
   12910.591     0.987500       403191        80.00
   12935.167     0.989062       403843        91.43
   12959.743     0.990625       404435       106.67
   12984.319     0.992188       405008       128.00
   13000.703     0.992969       405346       142.22
   13017.087     0.993750       405614       160.00
   13033.471     0.994531       405914       182.86
   13058.047     0.995313       406290       213.33
   13082.623     0.996094       406624       256.00
   13090.815     0.996484       406747       284.44
   13107.199     0.996875       406939       320.00
   13115.391     0.997266       407036       365.71
   13131.775     0.997656       407228       426.67
   13148.159     0.998047       407425       512.00
   13148.159     0.998242       407425       568.89
   13164.543     0.998437       407567       640.00
   13172.735     0.998633       407626       731.43
   13180.927     0.998828       407698       853.33
   13189.119     0.999023       407740      1024.00
   13197.311     0.999121       407793      1137.78
   13205.503     0.999219       407838      1280.00
   13213.695     0.999316       407890      1462.86
   13221.887     0.999414       407913      1706.67
   13230.079     0.999512       407939      2048.00
   13238.271     0.999561       407975      2275.56
   13238.271     0.999609       407975      2560.00
   13246.463     0.999658       408018      2925.71
   13246.463     0.999707       408018      3413.33
   13254.655     0.999756       408035      4096.00
   13262.847     0.999780       408057      4551.11
   13262.847     0.999805       408057      5120.00
   13271.039     0.999829       408068      5851.43
   13279.231     0.999854       408079      6826.67
   13287.423     0.999878       408093      8192.00
   13287.423     0.999890       408093      9102.22
   13295.615     0.999902       408101     10240.00
   13295.615     0.999915       408101     11702.86
   13303.807     0.999927       408107     13653.33
   13311.999     0.999939       408114     16384.00
   13311.999     0.999945       408114     18204.44
   13311.999     0.999951       408114     20480.00
   13320.191     0.999957       408122     23405.71
   13320.191     0.999963       408122     27306.67
   13320.191     0.999969       408122     32768.00
   13320.191     0.999973       408122     36408.89
   13328.383     0.999976       408127     40960.00
   13328.383     0.999979       408127     46811.43
   13328.383     0.999982       408127     54613.33
   13328.383     0.999985       408127     65536.00
   13344.767     0.999986       408128     72817.78
   13352.959     0.999988       408129     81920.00
   13352.959     0.999989       408129     93622.86
   13361.151     0.999991       408133    109226.67
   13361.151     1.000000       408133          inf
#[Mean    =     8600.522, StdDeviation   =     2763.226]
#[Max     =    13352.960, Total count    =       408133]
#[Buckets =           27, SubBuckets     =         2048]
----------------------------------------------------------
  653837 requests in 30.00s, 150.95MB read
Requests/sec:  21794.33
Transfer/sec:      5.03MB
