Running 30s test @ http://localhost:8080/api/v1/books/random/cached/rows/1000/
  4 threads and 256 connections
  Thread calibration: mean lat.: 3125.807ms, rate sampling interval: 12165ms
  Thread calibration: mean lat.: 3099.740ms, rate sampling interval: 12279ms
  Thread calibration: mean lat.: 3107.018ms, rate sampling interval: 12214ms
  Thread calibration: mean lat.: 3079.826ms, rate sampling interval: 11395ms
  Thread Stats   Avg      Stdev     Max   +/- Stdev
    Latency    12.89s     3.50s   18.97s    57.62%
    Req/Sec     5.70k    53.29     5.78k    50.00%
  Latency Distribution (HdrHistogram - Recorded Latency)
 50.000%   12.84s 
 75.000%   16.03s 
 90.000%   17.68s 
 99.000%   18.63s 
 99.900%   18.84s 
 99.990%   18.92s 
 99.999%   18.97s 
100.000%   18.99s 

  Detailed Percentile spectrum:
       Value   Percentile   TotalCount 1/(1-Percentile)

    6119.423     0.000000            1         1.00
    8032.255     0.100000        46298         1.11
    9330.687     0.200000        92609         1.25
   10543.103     0.300000       139013         1.43
   11714.559     0.400000       185088         1.67
   12836.863     0.500000       231584         2.00
   13500.415     0.550000       254723         2.22
   14163.967     0.600000       277639         2.50
   14802.943     0.650000       300966         2.86
   15458.303     0.700000       324008         3.33
   16031.743     0.750000       347232         4.00
   16310.271     0.775000       358665         4.44
   16588.799     0.800000       370374         5.00
   16842.751     0.825000       381698         5.71
   17104.895     0.850000       393752         6.67
   17399.807     0.875000       405165         8.00
   17530.879     0.887500       410797         8.89
   17678.335     0.900000       417045        10.00
   17809.407     0.912500       422574        11.43
   17924.095     0.925000       427953        13.33
   18055.167     0.937500       434111        16.00
   18120.703     0.943750       437332        17.78
   18169.855     0.950000       439725        20.00
   18235.391     0.956250       442675        22.86
   18300.927     0.962500       445403        26.67
   18382.847     0.968750       448387        32.00
   18431.999     0.971875       450232        35.56
   18464.767     0.975000       451613        40.00
   18497.535     0.978125       453070        45.71
   18530.303     0.981250       454651        53.33
   18563.071     0.984375       456000        64.00
   18579.455     0.985938       456618        71.11
   18595.839     0.987500       457206        80.00
   18612.223     0.989062       457752        91.43
   18644.991     0.990625       458722       106.67
   18661.375     0.992188       459160       128.00
   18677.759     0.992969       459581       142.22
   18694.143     0.993750       459968       160.00
   18710.527     0.994531       460350       182.86
   18726.911     0.995313       460717       213.33
   18743.295     0.996094       460984       256.00
   18759.679     0.996484       461285       284.44
   18759.679     0.996875       461285       320.00
   18776.063     0.997266       461564       365.71
   18776.063     0.997656       461564       426.67
   18792.447     0.998047       461800       512.00
   18808.831     0.998242       461990       568.89
   18808.831     0.998437       461990       640.00
   18825.215     0.998633       462153       731.43
   18825.215     0.998828       462153       853.33
   18841.599     0.999023       462261      1024.00
   18841.599     0.999121       462261      1137.78
   18857.983     0.999219       462388      1280.00
   18857.983     0.999316       462388      1462.86
   18857.983     0.999414       462388      1706.67
   18874.367     0.999512       462479      2048.00
   18874.367     0.999561       462479      2275.56
   18874.367     0.999609       462479      2560.00
   18890.751     0.999658       462534      2925.71
   18890.751     0.999707       462534      3413.33
   18890.751     0.999756       462534      4096.00
   18907.135     0.999780       462582      4551.11
   18907.135     0.999805       462582      5120.00
   18907.135     0.999829       462582      5851.43
   18907.135     0.999854       462582      6826.67
   18923.519     0.999878       462608      8192.00
   18923.519     0.999890       462608      9102.22
   18923.519     0.999902       462608     10240.00
   18923.519     0.999915       462608     11702.86
   18939.903     0.999927       462621     13653.33
   18939.903     0.999939       462621     16384.00
   18939.903     0.999945       462621     18204.44
   18939.903     0.999951       462621     20480.00
   18956.287     0.999957       462635     23405.71
   18956.287     0.999963       462635     27306.67
   18956.287     0.999969       462635     32768.00
   18956.287     0.999973       462635     36408.89
   18956.287     0.999976       462635     40960.00
   18956.287     0.999979       462635     46811.43
   18956.287     0.999982       462635     54613.33
   18972.671     0.999985       462640     65536.00
   18972.671     0.999986       462640     72817.78
   18972.671     0.999988       462640     81920.00
   18972.671     0.999989       462640     93622.86
   18972.671     0.999991       462640    109226.67
   18972.671     0.999992       462640    131072.00
   18972.671     0.999993       462640    145635.56
   18989.055     0.999994       462643    163840.00
   18989.055     1.000000       462643          inf
#[Mean    =    12894.552, StdDeviation   =     3496.808]
#[Max     =    18972.672, Total count    =       462643]
#[Buckets =           27, SubBuckets     =         2048]
----------------------------------------------------------
  663444 requests in 30.00s, 153.17MB read
Requests/sec:  22113.63
Transfer/sec:      5.11MB
