Running 30s test @ http://localhost:8080/api/v1/books/random/cached/rows/1000/
  4 threads and 256 connections
  Thread calibration: mean lat.: 935.811ms, rate sampling interval: 3612ms
  Thread calibration: mean lat.: 851.100ms, rate sampling interval: 3260ms
  Thread calibration: mean lat.: 1020.459ms, rate sampling interval: 3747ms
  Thread calibration: mean lat.: 907.276ms, rate sampling interval: 3399ms
  Thread Stats   Avg      Stdev     Max   +/- Stdev
    Latency     3.59s     1.05s    6.18s    58.90%
    Req/Sec     6.21k   279.48     6.58k    66.67%
  Latency Distribution (HdrHistogram - Recorded Latency)
 50.000%    3.42s 
 75.000%    4.53s 
 90.000%    5.08s 
 99.000%    5.64s 
 99.900%    5.87s 
 99.990%    6.05s 
 99.999%    6.17s 
100.000%    6.18s 

  Detailed Percentile spectrum:
       Value   Percentile   TotalCount 1/(1-Percentile)

    1520.639     0.000000            2         1.00
    2244.607     0.100000        49055         1.11
    2580.479     0.200000        98245         1.25
    2883.583     0.300000       147322         1.43
    3145.727     0.400000       196100         1.67
    3422.207     0.500000       245335         2.00
    3598.335     0.550000       269731         2.22
    3821.567     0.600000       294037         2.50
    4069.375     0.650000       318727         2.86
    4317.183     0.700000       343309         3.33
    4534.271     0.750000       367975         4.00
    4632.575     0.775000       379873         4.44
    4726.783     0.800000       392096         5.00
    4820.991     0.825000       404583         5.71
    4907.007     0.850000       417068         6.67
    4988.927     0.875000       429326         8.00
    5033.983     0.887500       435082         8.89
    5083.135     0.900000       441426        10.00
    5132.287     0.912500       447507        11.43
    5185.535     0.925000       453584        13.33
    5246.975     0.937500       459622        16.00
    5279.743     0.943750       462838        17.78
    5308.415     0.950000       465718        20.00
    5349.375     0.956250       468861        22.86
    5390.335     0.962500       471816        26.67
    5439.487     0.968750       474993        32.00
    5464.063     0.971875       476420        35.56
    5488.639     0.975000       477999        40.00
    5513.215     0.978125       479348        45.71
    5537.791     0.981250       480944        53.33
    5566.463     0.984375       482528        64.00
    5582.847     0.985938       483217        71.11
    5607.423     0.987500       484071        80.00
    5627.903     0.989062       484804        91.43
    5648.383     0.990625       485531       106.67
    5668.863     0.992188       486237       128.00
    5685.247     0.992969       486660       142.22
    5705.727     0.993750       487081       160.00
    5718.015     0.994531       487494       182.86
    5730.303     0.995313       487849       213.33
    5742.591     0.996094       488164       256.00
    5754.879     0.996484       488376       284.44
    5763.071     0.996875       488545       320.00
    5775.359     0.997266       488747       365.71
    5791.743     0.997656       488923       426.67
    5808.127     0.998047       489108       512.00
    5816.319     0.998242       489195       568.89
    5832.703     0.998437       489311       640.00
    5844.991     0.998633       489399       731.43
    5857.279     0.998828       489492       853.33
    5869.567     0.999023       489578      1024.00
    5881.855     0.999121       489633      1137.78
    5894.143     0.999219       489674      1280.00
    5922.815     0.999316       489729      1462.86
    5935.103     0.999414       489776      1706.67
    5947.391     0.999512       489823      2048.00
    5951.487     0.999561       489856      2275.56
    5955.583     0.999609       489881      2560.00
    5959.679     0.999658       489898      2925.71
    5963.775     0.999707       489912      3413.33
    5980.159     0.999756       489950      4096.00
    5980.159     0.999780       489950      4551.11
    5992.447     0.999805       489960      5120.00
    6000.639     0.999829       489978      5851.43
    6004.735     0.999854       489986      6826.67
    6012.927     0.999878       489996      8192.00
    6045.695     0.999890       490003      9102.22
    6062.079     0.999902       490008     10240.00
    6082.559     0.999915       490014     11702.86
    6098.943     0.999927       490021     13653.33
    6119.423     0.999939       490027     16384.00
    6123.519     0.999945       490029     18204.44
    6127.615     0.999951       490033     20480.00
    6143.999     0.999957       490036     23405.71
    6148.095     0.999963       490038     27306.67
    6156.287     0.999969       490041     32768.00
    6160.383     0.999973       490042     36408.89
    6164.479     0.999976       490045     40960.00
    6164.479     0.999979       490045     46811.43
    6168.575     0.999982       490050     54613.33
    6168.575     0.999985       490050     65536.00
    6168.575     0.999986       490050     72817.78
    6168.575     0.999988       490050     81920.00
    6168.575     0.999989       490050     93622.86
    6172.671     0.999991       490053    109226.67
    6172.671     0.999992       490053    131072.00
    6172.671     0.999993       490053    145635.56
    6172.671     0.999994       490053    163840.00
    6172.671     0.999995       490053    187245.71
    6172.671     0.999995       490053    218453.33
    6176.767     0.999996       490054    262144.00
    6176.767     0.999997       490054    291271.11
    6176.767     0.999997       490054    327680.00
    6176.767     0.999997       490054    374491.43
    6176.767     0.999998       490054    436906.67
    6180.863     0.999998       490055    524288.00
    6180.863     1.000000       490055          inf
#[Mean    =     3592.250, StdDeviation   =     1051.725]
#[Max     =     6176.768, Total count    =       490055]
#[Buckets =           27, SubBuckets     =         2048]
----------------------------------------------------------
  723620 requests in 30.00s, 167.06MB read
Requests/sec:  24120.25
Transfer/sec:      5.57MB
