Running 30s test @ http://localhost:8080/api/v1/books/random/cached/rows/1000/
  4 threads and 256 connections
  Thread calibration: mean lat.: 3697.408ms, rate sampling interval: 13320ms
  Thread calibration: mean lat.: 3727.882ms, rate sampling interval: 13516ms
  Thread calibration: mean lat.: 3725.848ms, rate sampling interval: 14368ms
  Thread calibration: mean lat.: 3411.836ms, rate sampling interval: 13664ms
  Thread Stats   Avg      Stdev     Max   +/- Stdev
    Latency    16.18s     4.72s   24.33s    59.49%
    Req/Sec     4.94k    41.62     5.01k    75.00%
  Latency Distribution (HdrHistogram - Recorded Latency)
 50.000%   16.31s 
 75.000%   20.30s 
 90.000%   22.59s 
 99.000%   23.86s 
 99.900%   24.17s 
 99.990%   24.28s 
 99.999%   24.33s 
100.000%   24.35s 

  Detailed Percentile spectrum:
       Value   Percentile   TotalCount 1/(1-Percentile)

    7229.439     0.000000            1         1.00
    9150.463     0.100000        40345         1.11
   11517.951     0.200000        80536         1.25
   13295.615     0.300000       120927         1.43
   14753.791     0.400000       161067         1.67
   16310.271     0.500000       201371         2.00
   17072.127     0.550000       221420         2.22
   17874.943     0.600000       241612         2.50
   18644.991     0.650000       262004         2.86
   19496.959     0.700000       281901         3.33
   20299.775     0.750000       302341         4.00
   20660.223     0.775000       312424         4.44
   21053.439     0.800000       322128         5.00
   21446.655     0.825000       332285         5.71
   21823.487     0.850000       342400         6.67
   22216.703     0.875000       352532         8.00
   22396.927     0.887500       357418         8.89
   22593.535     0.900000       362593        10.00
   22773.759     0.912500       367810        11.43
   22921.215     0.925000       372394        13.33
   23085.055     0.937500       377851        16.00
   23166.975     0.943750       380318        17.78
   23248.895     0.950000       382692        20.00
   23330.815     0.956250       385190        22.86
   23412.735     0.962500       387814        26.67
   23494.655     0.968750       390440        32.00
   23527.423     0.971875       391517        35.56
   23560.191     0.975000       392551        40.00
   23609.343     0.978125       394007        45.71
   23658.495     0.981250       395267        53.33
   23724.031     0.984375       396555        64.00
   23756.799     0.985938       397112        71.11
   23789.567     0.987500       397641        80.00
   23822.335     0.989062       398153        91.43
   23871.487     0.990625       398937       106.67
   23904.255     0.992188       399440       128.00
   23937.023     0.992969       399908       142.22
   23953.407     0.993750       400128       160.00
   23986.175     0.994531       400529       182.86
   24002.559     0.995313       400740       213.33
   24035.327     0.996094       401112       256.00
   24051.711     0.996484       401295       284.44
   24051.711     0.996875       401295       320.00
   24068.095     0.997266       401457       365.71
   24084.479     0.997656       401615       426.67
   24117.247     0.998047       401886       512.00
   24117.247     0.998242       401886       568.89
   24133.631     0.998437       401988       640.00
   24150.015     0.998633       402095       731.43
   24150.015     0.998828       402095       853.33
   24166.399     0.999023       402176      1024.00
   24182.783     0.999121       402252      1137.78
   24182.783     0.999219       402252      1280.00
   24199.167     0.999316       402317      1462.86
   24199.167     0.999414       402317      1706.67
   24215.551     0.999512       402377      2048.00
   24215.551     0.999561       402377      2275.56
   24231.935     0.999609       402424      2560.00
   24231.935     0.999658       402424      2925.71
   24248.319     0.999707       402468      3413.33
   24248.319     0.999756       402468      4096.00
   24248.319     0.999780       402468      4551.11
   24264.703     0.999805       402495      5120.00
   24264.703     0.999829       402495      5851.43
   24264.703     0.999854       402495      6826.67
   24281.087     0.999878       402519      8192.00
   24281.087     0.999890       402519      9102.22
   24281.087     0.999902       402519     10240.00
   24281.087     0.999915       402519     11702.86
   24297.471     0.999927       402533     13653.33
   24297.471     0.999939       402533     16384.00
   24297.471     0.999945       402533     18204.44
   24297.471     0.999951       402533     20480.00
   24313.855     0.999957       402544     23405.71
   24313.855     0.999963       402544     27306.67
   24313.855     0.999969       402544     32768.00
   24313.855     0.999973       402544     36408.89
   24313.855     0.999976       402544     40960.00
   24313.855     0.999979       402544     46811.43
   24330.239     0.999982       402550     54613.33
   24330.239     0.999985       402550     65536.00
   24330.239     0.999986       402550     72817.78
   24330.239     0.999988       402550     81920.00
   24330.239     0.999989       402550     93622.86
   24330.239     0.999991       402550    109226.67
   24330.239     0.999992       402550    131072.00
   24330.239     0.999993       402550    145635.56
   24330.239     0.999994       402550    163840.00
   24330.239     0.999995       402550    187245.71
   24346.623     0.999995       402552    218453.33
   24346.623     1.000000       402552          inf
#[Mean    =    16178.630, StdDeviation   =     4720.676]
#[Max     =    24330.240, Total count    =       402552]
#[Buckets =           27, SubBuckets     =         2048]
----------------------------------------------------------
  663275 requests in 30.00s, 153.13MB read
Requests/sec:  22108.67
Transfer/sec:      5.10MB
