Running 30s test @ http://localhost:8080/api/v1/books/hello
  4 threads and 256 connections
  Thread calibration: mean lat.: 46.495ms, rate sampling interval: 59ms
  Thread calibration: mean lat.: 8.030ms, rate sampling interval: 33ms
  Thread calibration: mean lat.: 16.634ms, rate sampling interval: 37ms
  Thread calibration: mean lat.: 25.816ms, rate sampling interval: 47ms
  Thread Stats   Avg      Stdev     Max   +/- Stdev
    Latency    30.49ms   94.92ms   1.01s    93.30%
    Req/Sec     5.12k     1.50k   21.17k    86.02%
  Latency Distribution (HdrHistogram - Recorded Latency)
 50.000%    5.48ms
 75.000%   10.28ms
 90.000%   25.01ms
 99.000%  475.65ms
 99.900%  900.61ms
 99.990%    1.00s 
 99.999%    1.01s 
100.000%    1.01s 

  Detailed Percentile spectrum:
       Value   Percentile   TotalCount 1/(1-Percentile)

       0.090     0.000000            1         1.00
       1.532     0.100000        39381         1.11
       2.351     0.200000        78697         1.25
       3.253     0.300000       118100         1.43
       4.287     0.400000       157481         1.67
       5.483     0.500000       196803         2.00
       6.147     0.550000       216489         2.22
       6.899     0.600000       236098         2.50
       7.779     0.650000       255810         2.86
       8.855     0.700000       275442         3.33
      10.279     0.750000       295102         4.00
      11.215     0.775000       304954         4.44
      12.335     0.800000       314853         5.00
      13.823     0.825000       324612         5.71
      15.951     0.850000       334444         6.67
      19.055     0.875000       344310         8.00
      21.519     0.887500       349199         8.89
      25.007     0.900000       354124        10.00
      32.255     0.912500       359036        11.43
      73.663     0.925000       363958        13.33
     152.191     0.937500       368871        16.00
     190.079     0.943750       371330        17.78
     225.791     0.950000       373796        20.00
     262.143     0.956250       376250        22.86
     301.311     0.962500       378708        26.67
     339.967     0.968750       381176        32.00
     362.751     0.971875       382397        35.56
     387.071     0.975000       383633        40.00
     411.135     0.978125       384866        45.71
     431.871     0.981250       386087        53.33
     448.511     0.984375       387327        64.00
     457.727     0.985938       387942        71.11
     464.639     0.987500       388555        80.00
     472.575     0.989062       389196        91.43
     479.231     0.990625       389788       106.67
     486.911     0.992188       390393       128.00
     492.031     0.992969       390704       142.22
     497.663     0.993750       391007       160.00
     502.783     0.994531       391316       182.86
     512.511     0.995313       391622       213.33
     572.927     0.996094       391927       256.00
     614.399     0.996484       392083       284.44
     653.823     0.996875       392234       320.00
     699.391     0.997266       392387       365.71
     745.983     0.997656       392540       426.67
     795.647     0.998047       392701       512.00
     819.711     0.998242       392776       568.89
     842.239     0.998437       392848       640.00
     858.623     0.998633       392928       731.43
     882.687     0.998828       393009       853.33
     905.215     0.999023       393079      1024.00
     914.431     0.999121       393117      1137.78
     922.623     0.999219       393156      1280.00
     933.375     0.999316       393196      1462.86
     945.663     0.999414       393238      1706.67
     957.439     0.999512       393270      2048.00
     966.143     0.999561       393291      2275.56
     970.239     0.999609       393311      2560.00
     977.919     0.999658       393330      2925.71
     982.527     0.999707       393350      3413.33
     989.183     0.999756       393366      4096.00
     990.719     0.999780       393378      4551.11
     992.255     0.999805       393386      5120.00
     995.327     0.999829       393399      5851.43
     996.351     0.999854       393405      6826.67
    1002.495     0.999878       393415      8192.00
    1003.007     0.999890       393420      9102.22
    1004.543     0.999902       393426     10240.00
    1005.055     0.999915       393429     11702.86
    1006.591     0.999927       393438     13653.33
    1006.591     0.999939       393438     16384.00
    1007.103     0.999945       393447     18204.44
    1007.103     0.999951       393447     20480.00
    1007.103     0.999957       393447     23405.71
    1007.615     0.999963       393448     27306.67
    1012.223     0.999969       393450     32768.00
    1012.735     0.999973       393452     36408.89
    1013.247     0.999976       393457     40960.00
    1013.247     0.999979       393457     46811.43
    1013.247     0.999982       393457     54613.33
    1013.247     0.999985       393457     65536.00
    1013.247     0.999986       393457     72817.78
    1013.759     0.999988       393459     81920.00
    1013.759     0.999989       393459     93622.86
    1013.759     0.999991       393459    109226.67
    1013.759     0.999992       393459    131072.00
    1014.271     0.999993       393461    145635.56
    1014.271     0.999994       393461    163840.00
    1014.271     0.999995       393461    187245.71
    1014.271     0.999995       393461    218453.33
    1014.271     0.999996       393461    262144.00
    1014.271     0.999997       393461    291271.11
    1014.271     0.999997       393461    327680.00
    1014.271     0.999997       393461    374491.43
    1014.783     0.999998       393462    436906.67
    1014.783     1.000000       393462          inf
#[Mean    =       30.495, StdDeviation   =       94.921]
#[Max     =     1014.272, Total count    =       393462]
#[Buckets =           27, SubBuckets     =         2048]
----------------------------------------------------------
  584243 requests in 30.00s, 76.44MB read
Requests/sec:  19473.75
Transfer/sec:      2.55MB
