Running 30s test @ http://localhost:8080/api/v1/books/hello
  4 threads and 256 connections
  Thread calibration: mean lat.: 2703.047ms, rate sampling interval: 9846ms
  Thread calibration: mean lat.: 2800.794ms, rate sampling interval: 9674ms
  Thread calibration: mean lat.: 2280.402ms, rate sampling interval: 9846ms
  Thread calibration: mean lat.: 2629.365ms, rate sampling interval: 9748ms
  Thread Stats   Avg      Stdev     Max   +/- Stdev
    Latency    11.03s     3.35s   17.43s    57.79%
    Req/Sec    12.45k   537.84    13.16k    50.00%
  Latency Distribution (HdrHistogram - Recorded Latency)
 50.000%   10.75s 
 75.000%   14.02s 
 90.000%   15.72s 
 99.000%   16.96s 
 99.900%   17.22s 
 99.990%   17.37s 
 99.999%   17.43s 
100.000%   17.45s 

  Detailed Percentile spectrum:
       Value   Percentile   TotalCount 1/(1-Percentile)

    5169.151     0.000000            1         1.00
    6684.671     0.100000        97080         1.11
    7602.175     0.200000       194028         1.25
    8568.831     0.300000       291058         1.43
    9601.023     0.400000       387692         1.67
   10747.903     0.500000       484704         2.00
   11558.911     0.550000       532776         2.22
   12222.463     0.600000       581142         2.50
   12738.559     0.650000       630285         2.86
   13385.727     0.700000       678495         3.33
   14016.511     0.750000       726961         4.00
   14278.655     0.775000       750816         4.44
   14548.991     0.800000       775181         5.00
   14860.287     0.825000       799229         5.71
   15171.583     0.850000       823516         6.67
   15458.303     0.875000       848034         8.00
   15581.183     0.887500       859946         8.89
   15720.447     0.900000       872262        10.00
   15876.095     0.912500       884301        11.43
   16048.127     0.925000       896003        13.33
   16269.311     0.937500       908431        16.00
   16367.615     0.943750       914080        17.78
   16465.919     0.950000       920546        20.00
   16547.839     0.956250       926636        22.86
   16613.375     0.962500       932260        26.67
   16687.103     0.968750       938781        32.00
   16719.871     0.971875       941621        35.56
   16752.639     0.975000       944430        40.00
   16793.599     0.978125       947832        45.71
   16826.367     0.981250       950404        53.33
   16875.519     0.984375       953982        64.00
   16891.903     0.985938       955179        71.11
   16924.671     0.987500       957302        80.00
   16941.055     0.989062       958318        91.43
   16973.823     0.990625       960148       106.67
   17006.591     0.992188       961776       128.00
   17006.591     0.992969       961776       142.22
   17022.975     0.993750       962566       160.00
   17039.359     0.994531       963287       182.86
   17072.127     0.995313       964509       213.33
   17088.511     0.996094       965039       256.00
   17104.895     0.996484       965507       284.44
   17121.279     0.996875       965956       320.00
   17121.279     0.997266       965956       365.71
   17137.663     0.997656       966347       426.67
   17154.047     0.998047       966719       512.00
   17170.431     0.998242       967013       568.89
   17186.815     0.998437       967307       640.00
   17186.815     0.998633       967307       731.43
   17203.199     0.998828       967533       853.33
   17219.583     0.999023       967735      1024.00
   17219.583     0.999121       967735      1137.78
   17235.967     0.999219       967909      1280.00
   17235.967     0.999316       967909      1462.86
   17252.351     0.999414       968053      1706.67
   17268.735     0.999512       968164      2048.00
   17268.735     0.999561       968164      2275.56
   17285.119     0.999609       968243      2560.00
   17285.119     0.999658       968243      2925.71
   17301.503     0.999707       968302      3413.33
   17317.887     0.999756       968370      4096.00
   17317.887     0.999780       968370      4551.11
   17317.887     0.999805       968370      5120.00
   17334.271     0.999829       968413      5851.43
   17334.271     0.999854       968413      6826.67
   17350.655     0.999878       968453      8192.00
   17350.655     0.999890       968453      9102.22
   17367.039     0.999902       968482     10240.00
   17367.039     0.999915       968482     11702.86
   17367.039     0.999927       968482     13653.33
   17383.423     0.999939       968509     16384.00
   17383.423     0.999945       968509     18204.44
   17383.423     0.999951       968509     20480.00
   17399.807     0.999957       968522     23405.71
   17399.807     0.999963       968522     27306.67
   17416.191     0.999969       968541     32768.00
   17416.191     0.999973       968541     36408.89
   17416.191     0.999976       968541     40960.00
   17416.191     0.999979       968541     46811.43
   17416.191     0.999982       968541     54613.33
   17416.191     0.999985       968541     65536.00
   17416.191     0.999986       968541     72817.78
   17416.191     0.999988       968541     81920.00
   17432.575     0.999989       968551     93622.86
   17432.575     0.999991       968551    109226.67
   17432.575     0.999992       968551    131072.00
   17432.575     0.999993       968551    145635.56
   17432.575     0.999994       968551    163840.00
   17432.575     0.999995       968551    187245.71
   17432.575     0.999995       968551    218453.33
   17432.575     0.999996       968551    262144.00
   17432.575     0.999997       968551    291271.11
   17432.575     0.999997       968551    327680.00
   17432.575     0.999997       968551    374491.43
   17432.575     0.999998       968551    436906.67
   17432.575     0.999998       968551    524288.00
   17432.575     0.999998       968551    582542.22
   17432.575     0.999998       968551    655360.00
   17432.575     0.999999       968551    748982.86
   17432.575     0.999999       968551    873813.33
   17448.959     0.999999       968552   1048576.00
   17448.959     1.000000       968552          inf
#[Mean    =    11033.492, StdDeviation   =     3353.967]
#[Max     =    17432.576, Total count    =       968552]
#[Buckets =           27, SubBuckets     =         2048]
----------------------------------------------------------
  1460368 requests in 30.00s, 191.06MB read
Requests/sec:  48680.89
Transfer/sec:      6.37MB
