Running 30s test @ http://localhost:8080/api/v1/books/hello
  4 threads and 256 connections
  Thread calibration: mean lat.: 715.638ms, rate sampling interval: 2813ms
  Thread calibration: mean lat.: 929.757ms, rate sampling interval: 3538ms
  Thread calibration: mean lat.: 480.867ms, rate sampling interval: 2138ms
  Thread calibration: mean lat.: 660.694ms, rate sampling interval: 2859ms
  Thread Stats   Avg      Stdev     Max   +/- Stdev
    Latency     4.23s     2.05s    8.15s    48.95%
    Req/Sec    10.45k     2.18k   13.77k    57.69%
  Latency Distribution (HdrHistogram - Recorded Latency)
 50.000%    4.55s 
 75.000%    6.12s 
 90.000%    6.93s 
 99.000%    7.61s 
 99.900%    7.89s 
 99.990%    8.06s 
 99.999%    8.13s 
100.000%    8.16s 

  Detailed Percentile spectrum:
       Value   Percentile   TotalCount 1/(1-Percentile)

     848.383     0.000000            1         1.00
    1694.719     0.100000        82710         1.11
    1938.431     0.200000       164946         1.25
    2220.031     0.300000       247382         1.43
    3145.727     0.400000       329791         1.67
    4550.655     0.500000       412395         2.00
    4898.815     0.550000       453804         2.22
    5197.823     0.600000       494872         2.50
    5476.351     0.650000       536044         2.86
    5791.743     0.700000       577503         3.33
    6115.327     0.750000       618462         4.00
    6262.783     0.775000       638999         4.44
    6410.239     0.800000       660189         5.00
    6545.407     0.825000       680233         5.71
    6676.479     0.850000       701098         6.67
    6799.359     0.875000       721705         8.00
    6864.895     0.887500       732101         8.89
    6926.335     0.900000       742074        10.00
    6991.871     0.912500       752318        11.43
    7065.599     0.925000       763070        13.33
    7139.327     0.937500       773389        16.00
    7176.191     0.943750       778183        17.78
    7217.151     0.950000       783293        20.00
    7262.207     0.956250       788544        22.86
    7307.263     0.962500       793533        26.67
    7360.511     0.968750       798977        32.00
    7389.183     0.971875       801349        35.56
    7421.951     0.975000       804094        40.00
    7450.623     0.978125       806522        45.71
    7487.487     0.981250       809165        53.33
    7524.351     0.984375       811726        64.00
    7544.831     0.985938       812995        71.11
    7565.311     0.987500       814161        80.00
    7593.983     0.989062       815579        91.43
    7622.655     0.990625       816787       106.67
    7655.423     0.992188       818140       128.00
    7671.807     0.992969       818685       142.22
    7688.191     0.993750       819317       160.00
    7712.767     0.994531       820021       182.86
    7729.151     0.995313       820562       213.33
    7749.631     0.996094       821266       256.00
    7757.823     0.996484       821524       284.44
    7770.111     0.996875       821865       320.00
    7782.399     0.997266       822189       365.71
    7794.687     0.997656       822501       426.67
    7815.167     0.998047       822854       512.00
    7827.455     0.998242       822999       568.89
    7839.743     0.998437       823144       640.00
    7856.127     0.998633       823314       731.43
    7872.511     0.998828       823451       853.33
    7892.991     0.999023       823630      1024.00
    7905.279     0.999121       823693      1137.78
    7929.855     0.999219       823801      1280.00
    7942.143     0.999316       823855      1462.86
    7954.431     0.999414       823950      1706.67
    7966.719     0.999512       824023      2048.00
    7974.911     0.999561       824064      2275.56
    7983.103     0.999609       824109      2560.00
    7991.295     0.999658       824142      2925.71
    8007.679     0.999707       824190      3413.33
    8015.871     0.999756       824220      4096.00
    8024.063     0.999780       824246      4551.11
    8028.159     0.999805       824261      5120.00
    8032.255     0.999829       824278      5851.43
    8040.447     0.999854       824301      6826.67
    8044.543     0.999878       824315      8192.00
    8052.735     0.999890       824328      9102.22
    8060.927     0.999902       824336     10240.00
    8069.119     0.999915       824348     11702.86
    8073.215     0.999927       824357     13653.33
    8081.407     0.999939       824366     16384.00
    8085.503     0.999945       824374     18204.44
    8089.599     0.999951       824377     20480.00
    8097.791     0.999957       824384     23405.71
    8101.887     0.999963       824392     27306.67
    8101.887     0.999969       824392     32768.00
    8105.983     0.999973       824401     36408.89
    8105.983     0.999976       824401     40960.00
    8105.983     0.999979       824401     46811.43
    8105.983     0.999982       824401     54613.33
    8110.079     0.999985       824403     65536.00
    8114.175     0.999986       824404     72817.78
    8118.271     0.999988       824406     81920.00
    8126.463     0.999989       824408     93622.86
    8126.463     0.999991       824408    109226.67
    8130.559     0.999992       824411    131072.00
    8130.559     0.999993       824411    145635.56
    8130.559     0.999994       824411    163840.00
    8130.559     0.999995       824411    187245.71
    8134.655     0.999995       824412    218453.33
    8134.655     0.999996       824412    262144.00
    8138.751     0.999997       824413    291271.11
    8138.751     0.999997       824413    327680.00
    8138.751     0.999997       824413    374491.43
    8142.847     0.999998       824414    436906.67
    8142.847     0.999998       824414    524288.00
    8142.847     0.999998       824414    582542.22
    8142.847     0.999998       824414    655360.00
    8142.847     0.999999       824414    748982.86
    8155.135     0.999999       824415    873813.33
    8155.135     1.000000       824415          inf
#[Mean    =     4228.521, StdDeviation   =     2048.917]
#[Max     =     8151.040, Total count    =       824415]
#[Buckets =           27, SubBuckets     =         2048]
----------------------------------------------------------
  1315004 requests in 30.00s, 172.05MB read
Requests/sec:  43837.33
Transfer/sec:      5.74MB
