Running 30s test @ http://localhost:8080/api/v1/books/hello
  4 threads and 256 connections
  Thread calibration: mean lat.: 2414.602ms, rate sampling interval: 8196ms
  Thread calibration: mean lat.: 2505.764ms, rate sampling interval: 8519ms
  Thread calibration: mean lat.: 2499.730ms, rate sampling interval: 9076ms
  Thread calibration: mean lat.: 2388.562ms, rate sampling interval: 8126ms
  Thread Stats   Avg      Stdev     Max   +/- Stdev
    Latency     9.75s     3.53s   16.15s    51.36%
    Req/Sec    11.12k   410.99    12.05k    75.00%
  Latency Distribution (HdrHistogram - Recorded Latency)
 50.000%   10.02s 
 75.000%   13.00s 
 90.000%   14.45s 
 99.000%   15.50s 
 99.900%   15.91s 
 99.990%   16.08s 
 99.999%   16.15s 
100.000%   16.15s 

  Detailed Percentile spectrum:
       Value   Percentile   TotalCount 1/(1-Percentile)

    4069.375     0.000000            4         1.00
    5079.039     0.100000        88815         1.11
    5685.247     0.200000       176909         1.25
    6537.215     0.300000       265033         1.43
    8667.135     0.400000       353611         1.67
   10018.815     0.500000       441865         2.00
   10649.599     0.550000       485993         2.22
   11304.959     0.600000       530080         2.50
   11911.167     0.650000       574281         2.86
   12484.607     0.700000       618506         3.33
   13000.703     0.750000       662936         4.00
   13221.887     0.775000       684679         4.44
   13467.647     0.800000       706950         5.00
   13705.215     0.825000       728919         5.71
   13950.975     0.850000       751243         6.67
   14204.927     0.875000       772992         8.00
   14327.807     0.887500       783924         8.89
   14450.687     0.900000       795328        10.00
   14557.183     0.912500       805919        11.43
   14671.871     0.925000       817062        13.33
   14786.559     0.937500       828158        16.00
   14852.095     0.943750       834207        17.78
   14909.439     0.950000       839301        20.00
   14974.975     0.956250       844528        22.86
   15048.703     0.962500       850419        26.67
   15122.431     0.968750       855964        32.00
   15163.391     0.971875       858530        35.56
   15212.543     0.975000       861431        40.00
   15261.695     0.978125       864125        45.71
   15319.039     0.981250       866902        53.33
   15368.191     0.984375       869406        64.00
   15400.959     0.985938       870821        71.11
   15433.727     0.987500       872097        80.00
   15474.687     0.989062       873614        91.43
   15515.647     0.990625       875016       106.67
   15564.799     0.992188       876366       128.00
   15589.375     0.992969       877074       142.22
   15613.951     0.993750       877824       160.00
   15638.527     0.994531       878358       182.86
   15671.295     0.995313       879052       213.33
   15712.255     0.996094       879827       256.00
   15728.639     0.996484       880156       284.44
   15745.023     0.996875       880510       320.00
   15761.407     0.997266       880725       365.71
   15794.175     0.997656       881137       426.67
   15818.751     0.998047       881451       512.00
   15835.135     0.998242       881616       568.89
   15851.519     0.998437       881767       640.00
   15867.903     0.998633       881932       731.43
   15892.479     0.998828       882179       853.33
   15908.863     0.999023       882307      1024.00
   15917.055     0.999121       882373      1137.78
   15933.439     0.999219       882519      1280.00
   15941.631     0.999316       882569      1462.86
   15949.823     0.999414       882624      1706.67
   15966.207     0.999512       882706      2048.00
   15982.591     0.999561       882773      2275.56
   15990.783     0.999609       882808      2560.00
   15998.975     0.999658       882835      2925.71
   16015.359     0.999707       882892      3413.33
   16031.743     0.999756       882931      4096.00
   16039.935     0.999780       882951      4551.11
   16048.127     0.999805       882977      5120.00
   16056.319     0.999829       882997      5851.43
   16064.511     0.999854       883025      6826.67
   16064.511     0.999878       883025      8192.00
   16072.703     0.999890       883042      9102.22
   16080.895     0.999902       883060     10240.00
   16080.895     0.999915       883060     11702.86
   16089.087     0.999927       883073     13653.33
   16105.471     0.999939       883090     16384.00
   16105.471     0.999945       883090     18204.44
   16105.471     0.999951       883090     20480.00
   16113.663     0.999957       883101     23405.71
   16113.663     0.999963       883101     27306.67
   16121.855     0.999969       883107     32768.00
   16130.047     0.999973       883119     36408.89
   16130.047     0.999976       883119     40960.00
   16130.047     0.999979       883119     46811.43
   16130.047     0.999982       883119     54613.33
   16130.047     0.999985       883119     65536.00
   16138.239     0.999986       883122     72817.78
   16138.239     0.999988       883122     81920.00
   16146.431     0.999989       883127     93622.86
   16146.431     0.999991       883127    109226.67
   16146.431     0.999992       883127    131072.00
   16146.431     0.999993       883127    145635.56
   16146.431     0.999994       883127    163840.00
   16154.623     0.999995       883132    187245.71
   16154.623     1.000000       883132          inf
#[Mean    =     9753.507, StdDeviation   =     3534.171]
#[Max     =    16146.432, Total count    =       883132]
#[Buckets =           27, SubBuckets     =         2048]
----------------------------------------------------------
  1382125 requests in 29.98s, 180.83MB read
Requests/sec:  46098.92
Transfer/sec:      6.03MB
