Running 30s test @ http://localhost:8080/api/v1/books/hello
  4 threads and 256 connections
  Thread calibration: mean lat.: 36.726ms, rate sampling interval: 103ms
  Thread calibration: mean lat.: 76.704ms, rate sampling interval: 164ms
  Thread calibration: mean lat.: 13.485ms, rate sampling interval: 73ms
  Thread calibration: mean lat.: 31.594ms, rate sampling interval: 81ms
  Thread Stats   Avg      Stdev     Max   +/- Stdev
    Latency    11.25ms   36.62ms   1.05s    98.75%
    Req/Sec    10.07k     1.24k   16.01k    78.84%
  Latency Distribution (HdrHistogram - Recorded Latency)
 50.000%    6.35ms
 75.000%   12.18ms
 90.000%   21.52ms
 99.000%   51.58ms
 99.900%  769.53ms
 99.990%    1.03s 
 99.999%    1.05s 
100.000%    1.05s 

  Detailed Percentile spectrum:
       Value   Percentile   TotalCount 1/(1-Percentile)

       0.057     0.000000            1         1.00
       1.933     0.100000        78707         1.11
       2.867     0.200000       157504         1.25
       3.853     0.300000       236170         1.43
       4.971     0.400000       314869         1.67
       6.347     0.500000       393557         2.00
       7.187     0.550000       432898         2.22
       8.151     0.600000       472241         2.50
       9.255     0.650000       511763         2.86
      10.583     0.700000       551030         3.33
      12.183     0.750000       590303         4.00
      13.135     0.775000       609972         4.44
      14.215     0.800000       629614         5.00
      15.527     0.825000       649337         5.71
      17.151     0.850000       669001         6.67
      19.055     0.875000       688690         8.00
      20.191     0.887500       698473         8.89
      21.519     0.900000       708302        10.00
      23.055     0.912500       718138        11.43
      24.863     0.925000       727970        13.33
      27.087     0.937500       737803        16.00
      28.287     0.943750       742707        17.78
      29.711     0.950000       747635        20.00
      31.215     0.956250       752586        22.86
      33.055     0.962500       757505        26.67
      35.167     0.968750       762395        32.00
      36.383     0.971875       764882        35.56
      37.855     0.975000       767310        40.00
      39.647     0.978125       769771        45.71
      41.791     0.981250       772216        53.33
      44.575     0.984375       774687        64.00
      46.079     0.985938       775908        71.11
      47.903     0.987500       777145        80.00
      49.983     0.989062       778382        91.43
      52.671     0.990625       779603       106.67
      56.255     0.992188       780824       128.00
      58.463     0.992969       781437       142.22
      60.895     0.993750       782063       160.00
      64.319     0.994531       782672       182.86
      69.375     0.995313       783287       213.33
      76.351     0.996094       783898       256.00
      81.855     0.996484       784205       284.44
      91.455     0.996875       784513       320.00
     139.775     0.997266       784819       365.71
     276.479     0.997656       785126       426.67
     428.543     0.998047       785433       512.00
     507.391     0.998242       785587       568.89
     559.615     0.998437       785741       640.00
     630.783     0.998633       785896       731.43
     709.631     0.998828       786048       853.33
     779.775     0.999023       786202      1024.00
     816.639     0.999121       786279      1137.78
     848.383     0.999219       786357      1280.00
     875.007     0.999316       786433      1462.86
     902.655     0.999414       786509      1706.67
     936.447     0.999512       786587      2048.00
     950.271     0.999561       786626      2275.56
     965.119     0.999609       786664      2560.00
     980.479     0.999658       786704      2925.71
     996.351     0.999707       786741      3413.33
    1010.175     0.999756       786779      4096.00
    1015.807     0.999780       786800      4551.11
    1017.855     0.999805       786817      5120.00
    1021.439     0.999829       786839      5851.43
    1022.975     0.999854       786858      6826.67
    1027.071     0.999878       786875      8192.00
    1030.143     0.999890       786884      9102.22
    1031.679     0.999902       786894     10240.00
    1036.287     0.999915       786911     11702.86
    1036.799     0.999927       786916     13653.33
    1037.823     0.999939       786925     16384.00
    1038.847     0.999945       786927     18204.44
    1039.871     0.999951       786932     20480.00
    1040.895     0.999957       786937     23405.71
    1041.407     0.999963       786947     27306.67
    1041.407     0.999969       786947     32768.00
    1041.919     0.999973       786952     36408.89
    1041.919     0.999976       786952     40960.00
    1043.967     0.999979       786954     46811.43
    1044.991     0.999982       786957     54613.33
    1045.503     0.999985       786958     65536.00
    1047.551     0.999986       786960     72817.78
    1048.063     0.999988       786961     81920.00
    1048.575     0.999989       786963     93622.86
    1048.575     0.999991       786963    109226.67
    1049.599     0.999992       786964    131072.00
    1051.647     0.999993       786967    145635.56
    1051.647     0.999994       786967    163840.00
    1051.647     0.999995       786967    187245.71
    1051.647     0.999995       786967    218453.33
    1051.647     0.999996       786967    262144.00
    1052.671     0.999997       786970    291271.11
    1052.671     1.000000       786970          inf
#[Mean    =       11.246, StdDeviation   =       36.619]
#[Max     =     1051.648, Total count    =       786970]
#[Buckets =           27, SubBuckets     =         2048]
----------------------------------------------------------
  1167814 requests in 30.00s, 152.79MB read
Requests/sec:  38931.82
Transfer/sec:      5.09MB
