Running 30s test @ http://localhost:8080/api/v1/books/hello
  4 threads and 256 connections
  Thread calibration: mean lat.: 1747.741ms, rate sampling interval: 6975ms
  Thread calibration: mean lat.: 1868.414ms, rate sampling interval: 7172ms
  Thread calibration: mean lat.: 1739.464ms, rate sampling interval: 7065ms
  Thread calibration: mean lat.: 1891.086ms, rate sampling interval: 7217ms
  Thread Stats   Avg      Stdev     Max   +/- Stdev
    Latency     7.86s     2.00s   12.03s    59.11%
    Req/Sec    12.59k   385.37    13.19k    62.50%
  Latency Distribution (HdrHistogram - Recorded Latency)
 50.000%    7.86s 
 75.000%    9.58s 
 90.000%   10.51s 
 99.000%   11.44s 
 99.900%   11.74s 
 99.990%   11.93s 
 99.999%   12.01s 
100.000%   12.03s 

  Detailed Percentile spectrum:
       Value   Percentile   TotalCount 1/(1-Percentile)

    3790.847     0.000000            2         1.00
    5074.943     0.100000        98653         1.11
    5808.127     0.200000       197181         1.25
    6569.983     0.300000       296008         1.43
    7208.959     0.400000       394589         1.67
    7856.127     0.500000       492784         2.00
    8237.055     0.550000       542224         2.22
    8601.599     0.600000       591477         2.50
    8945.663     0.650000       641339         2.86
    9256.959     0.700000       690021         3.33
    9576.447     0.750000       740558         4.00
    9723.903     0.775000       764401         4.44
    9879.551     0.800000       789785         5.00
   10018.815     0.825000       813718         5.71
   10158.079     0.850000       837958         6.67
   10313.727     0.875000       863376         8.00
   10403.839     0.887500       875528         8.89
   10510.335     0.900000       887459        10.00
   10641.407     0.912500       899556        11.43
   10780.671     0.925000       911758        13.33
   10911.743     0.937500       924357        16.00
   10969.087     0.943750       930325        17.78
   11026.431     0.950000       936407        20.00
   11083.775     0.956250       942825        22.86
   11141.119     0.962500       949202        26.67
   11198.463     0.968750       955204        32.00
   11223.039     0.971875       957836        35.56
   11255.807     0.975000       961122        40.00
   11288.575     0.978125       964063        45.71
   11329.535     0.981250       967662        53.33
   11362.303     0.984375       970241        64.00
   11386.879     0.985938       972024        71.11
   11411.455     0.987500       973725        80.00
   11427.839     0.989062       974856        91.43
   11452.415     0.990625       976316       106.67
   11485.183     0.992188       977929       128.00
   11501.567     0.992969       978691       142.22
   11517.951     0.993750       979387       160.00
   11542.527     0.994531       980222       182.86
   11567.103     0.995313       981164       213.33
   11583.487     0.996094       981677       256.00
   11599.871     0.996484       982182       284.44
   11616.255     0.996875       982622       320.00
   11632.639     0.997266       982963       365.71
   11649.023     0.997656       983244       426.67
   11665.407     0.998047       983630       512.00
   11673.599     0.998242       983816       568.89
   11689.983     0.998437       984099       640.00
   11698.175     0.998633       984196       731.43
   11722.751     0.998828       984427       853.33
   11739.135     0.999023       984611      1024.00
   11747.327     0.999121       984697      1137.78
   11755.519     0.999219       984759      1280.00
   11771.903     0.999316       984847      1462.86
   11788.287     0.999414       984953      1706.67
   11804.671     0.999512       985064      2048.00
   11812.863     0.999561       985108      2275.56
   11821.055     0.999609       985137      2560.00
   11837.439     0.999658       985194      2925.71
   11853.823     0.999707       985253      3413.33
   11862.015     0.999756       985278      4096.00
   11870.207     0.999780       985311      4551.11
   11878.399     0.999805       985334      5120.00
   11886.591     0.999829       985354      5851.43
   11902.975     0.999854       985388      6826.67
   11911.167     0.999878       985396      8192.00
   11919.359     0.999890       985412      9102.22
   11927.551     0.999902       985425     10240.00
   11935.743     0.999915       985432     11702.86
   11952.127     0.999927       985443     13653.33
   11960.319     0.999939       985460     16384.00
   11960.319     0.999945       985460     18204.44
   11968.511     0.999951       985473     20480.00
   11968.511     0.999957       985473     23405.71
   11976.703     0.999963       985487     27306.67
   11976.703     0.999969       985487     32768.00
   11976.703     0.999973       985487     36408.89
   11984.895     0.999976       985494     40960.00
   11984.895     0.999979       985494     46811.43
   11993.087     0.999982       985500     54613.33
   11993.087     0.999985       985500     65536.00
   12001.279     0.999986       985501     72817.78
   12009.471     0.999988       985507     81920.00
   12009.471     0.999989       985507     93622.86
   12009.471     0.999991       985507    109226.67
   12009.471     0.999992       985507    131072.00
   12017.663     0.999993       985508    145635.56
   12017.663     0.999994       985508    163840.00
   12025.855     0.999995       985512    187245.71
   12025.855     0.999995       985512    218453.33
   12025.855     0.999996       985512    262144.00
   12025.855     0.999997       985512    291271.11
   12025.855     0.999997       985512    327680.00
   12025.855     0.999997       985512    374491.43
   12025.855     0.999998       985512    436906.67
   12034.047     0.999998       985514    524288.00
   12034.047     1.000000       985514          inf
#[Mean    =     7861.178, StdDeviation   =     2001.392]
#[Max     =    12025.856, Total count    =       985514]
#[Buckets =           27, SubBuckets     =         2048]
----------------------------------------------------------
  1449547 requests in 30.00s, 189.65MB read
Requests/sec:  48314.14
Transfer/sec:      6.32MB
