Running 30s test @ http://localhost:8080/api/v1/books/hello
  4 threads and 256 connections
  Thread calibration: mean lat.: 1274.486ms, rate sampling interval: 4612ms
  Thread calibration: mean lat.: 1283.474ms, rate sampling interval: 4698ms
  Thread calibration: mean lat.: 1149.443ms, rate sampling interval: 4694ms
  Thread calibration: mean lat.: 1295.280ms, rate sampling interval: 4546ms
  Thread Stats   Avg      Stdev     Max   +/- Stdev
    Latency     4.81s     1.38s    7.83s    57.63%
    Req/Sec    13.54k   784.23    15.27k    68.75%
  Latency Distribution (HdrHistogram - Recorded Latency)
 50.000%    4.67s 
 75.000%    6.07s 
 90.000%    6.69s 
 99.000%    7.38s 
 99.900%    7.63s 
 99.990%    7.74s 
 99.999%    7.81s 
100.000%    7.84s 

  Detailed Percentile spectrum:
       Value   Percentile   TotalCount 1/(1-Percentile)

    2279.423     0.000000            2         1.00
    3104.767     0.100000       106568         1.11
    3422.207     0.200000       213238         1.25
    3710.975     0.300000       319569         1.43
    4126.719     0.400000       426130         1.67
    4673.535     0.500000       533019         2.00
    4984.831     0.550000       585802         2.22
    5316.607     0.600000       638959         2.50
    5627.903     0.650000       692731         2.86
    5857.279     0.700000       745611         3.33
    6074.367     0.750000       798857         4.00
    6176.767     0.775000       825212         4.44
    6270.975     0.800000       852609         5.00
    6365.183     0.825000       878687         5.71
    6463.487     0.850000       906141         6.67
    6565.887     0.875000       931642         8.00
    6627.327     0.887500       945384         8.89
    6688.767     0.900000       958445        10.00
    6758.399     0.912500       972169        11.43
    6828.031     0.925000       985094        13.33
    6909.951     0.937500       998674        16.00
    6955.007     0.943750      1005348        17.78
    7000.063     0.950000      1011743        20.00
    7049.215     0.956250      1018565        22.86
    7094.271     0.962500      1025098        26.67
    7143.423     0.968750      1031475        32.00
    7172.095     0.971875      1035125        35.56
    7200.767     0.975000      1038384        40.00
    7229.439     0.978125      1041754        45.71
    7262.207     0.981250      1045111        53.33
    7299.071     0.984375      1048358        64.00
    7315.455     0.985938      1049916        71.11
    7340.031     0.987500      1051630        80.00
    7364.607     0.989062      1053229        91.43
    7389.183     0.990625      1054814       106.67
    7417.855     0.992188      1056515       128.00
    7434.239     0.992969      1057414       142.22
    7450.623     0.993750      1058266       160.00
    7471.103     0.994531      1059056       182.86
    7491.583     0.995313      1059863       213.33
    7512.063     0.996094      1060643       256.00
    7524.351     0.996484      1061106       284.44
    7536.639     0.996875      1061504       320.00
    7548.927     0.997266      1061886       365.71
    7561.215     0.997656      1062300       426.67
    7577.599     0.998047      1062721       512.00
    7585.791     0.998242      1062892       568.89
    7598.079     0.998437      1063104       640.00
    7610.367     0.998633      1063297       731.43
    7622.655     0.998828      1063488       853.33
    7639.039     0.999023      1063745      1024.00
    7643.135     0.999121      1063816      1137.78
    7647.231     0.999219      1063906      1280.00
    7651.327     0.999316      1064005      1462.86
    7659.519     0.999414      1064124      1706.67
    7667.711     0.999512      1064215      2048.00
    7675.903     0.999561      1064278      2275.56
    7684.095     0.999609      1064313      2560.00
    7696.383     0.999658      1064385      2925.71
    7700.479     0.999707      1064413      3413.33
    7712.767     0.999756      1064474      4096.00
    7716.863     0.999780      1064500      4551.11
    7720.959     0.999805      1064524      5120.00
    7725.055     0.999829      1064554      5851.43
    7729.151     0.999854      1064570      6826.67
    7733.247     0.999878      1064590      8192.00
    7737.343     0.999890      1064605      9102.22
    7741.439     0.999902      1064620     10240.00
    7749.631     0.999915      1064630     11702.86
    7761.919     0.999927      1064645     13653.33
    7770.111     0.999939      1064657     16384.00
    7774.207     0.999945      1064665     18204.44
    7778.303     0.999951      1064673     20480.00
    7782.399     0.999957      1064679     23405.71
    7790.591     0.999963      1064681     27306.67
    7798.783     0.999969      1064690     32768.00
    7798.783     0.999973      1064690     36408.89
    7802.879     0.999976      1064699     40960.00
    7802.879     0.999979      1064699     46811.43
    7806.975     0.999982      1064708     54613.33
    7806.975     0.999985      1064708     65536.00
    7806.975     0.999986      1064708     72817.78
    7806.975     0.999988      1064708     81920.00
    7806.975     0.999989      1064708     93622.86
    7811.071     0.999991      1064712    109226.67
    7811.071     0.999992      1064712    131072.00
    7811.071     0.999993      1064712    145635.56
    7823.359     0.999994      1064713    163840.00
    7827.455     0.999995      1064714    187245.71
    7831.551     0.999995      1064716    218453.33
    7831.551     0.999996      1064716    262144.00
    7831.551     0.999997      1064716    291271.11
    7831.551     0.999997      1064716    327680.00
    7835.647     0.999997      1064719    374491.43
    7835.647     1.000000      1064719          inf
#[Mean    =     4810.337, StdDeviation   =     1381.058]
#[Max     =     7831.552, Total count    =      1064719]
#[Buckets =           27, SubBuckets     =         2048]
----------------------------------------------------------
  1550049 requests in 30.00s, 202.80MB read
Requests/sec:  51666.12
Transfer/sec:      6.76MB
