Running 30s test @ http://localhost:8080/api/v1/books/hello
  4 threads and 256 connections
  Thread calibration: mean lat.: 2698.086ms, rate sampling interval: 9420ms
  Thread calibration: mean lat.: 2782.637ms, rate sampling interval: 9789ms
  Thread calibration: mean lat.: 2518.604ms, rate sampling interval: 8691ms
  Thread calibration: mean lat.: 2697.998ms, rate sampling interval: 9363ms
  Thread Stats   Avg      Stdev     Max   +/- Stdev
    Latency     6.44s   723.50ms   8.43s    66.70%
    Req/Sec    10.93k   553.25    11.68k    50.00%
  Latency Distribution (HdrHistogram - Recorded Latency)
 50.000%    6.52s 
 75.000%    6.99s 
 90.000%    7.31s 
 99.000%    7.83s 
 99.900%    8.14s 
 99.990%    8.35s 
 99.999%    8.41s 
100.000%    8.44s 

  Detailed Percentile spectrum:
       Value   Percentile   TotalCount 1/(1-Percentile)

    3979.263     0.000000            1         1.00
    5435.391     0.100000        85694         1.11
    5808.127     0.200000       171402         1.25
    6094.847     0.300000       257825         1.43
    6311.935     0.400000       342413         1.67
    6524.927     0.500000       428579         2.00
    6631.423     0.550000       472149         2.22
    6725.631     0.600000       513987         2.50
    6811.647     0.650000       557275         2.86
    6901.759     0.700000       599152         3.33
    6991.871     0.750000       641757         4.00
    7036.927     0.775000       662878         4.44
    7090.175     0.800000       685447         5.00
    7139.327     0.825000       706444         5.71
    7188.479     0.850000       727920         6.67
    7241.727     0.875000       748412         8.00
    7274.495     0.887500       760041         8.89
    7307.263     0.900000       771103        10.00
    7344.127     0.912500       781275        11.43
    7389.183     0.925000       791203        13.33
    7438.335     0.937500       802056        16.00
    7467.007     0.943750       807603        17.78
    7499.775     0.950000       812958        20.00
    7532.543     0.956250       818186        22.86
    7569.407     0.962500       823813        26.67
    7606.271     0.968750       828808        32.00
    7626.751     0.971875       831349        35.56
    7655.423     0.975000       834279        40.00
    7684.095     0.978125       836856        45.71
    7712.767     0.981250       839306        53.33
    7749.631     0.984375       842149        64.00
    7770.111     0.985938       843430        71.11
    7790.591     0.987500       844717        80.00
    7815.167     0.989062       846064        91.43
    7839.743     0.990625       847304       106.67
    7864.319     0.992188       848611       128.00
    7880.703     0.992969       849494       142.22
    7892.991     0.993750       850139       160.00
    7905.279     0.994531       850670       182.86
    7929.855     0.995313       851369       213.33
    7954.431     0.996094       852065       256.00
    7966.719     0.996484       852332       284.44
    7983.103     0.996875       852657       320.00
    8003.583     0.997266       853008       365.71
    8028.159     0.997656       853297       426.67
    8052.735     0.998047       853680       512.00
    8065.023     0.998242       853817       568.89
    8089.599     0.998437       853967       640.00
    8105.983     0.998633       854123       731.43
    8122.367     0.998828       854308       853.33
    8142.847     0.999023       854474      1024.00
    8151.039     0.999121       854567      1137.78
    8159.231     0.999219       854659      1280.00
    8167.423     0.999316       854732      1462.86
    8175.615     0.999414       854794      1706.67
    8196.095     0.999512       854883      2048.00
    8204.287     0.999561       854909      2275.56
    8220.671     0.999609       854955      2560.00
    8237.055     0.999658       855002      2925.71
    8249.343     0.999707       855039      3413.33
    8265.727     0.999756       855080      4096.00
    8278.015     0.999780       855098      4551.11
    8290.303     0.999805       855122      5120.00
    8294.399     0.999829       855144      5851.43
    8298.495     0.999854       855158      6826.67
    8323.071     0.999878       855181      8192.00
    8335.359     0.999890       855191      9102.22
    8347.647     0.999902       855207     10240.00
    8351.743     0.999915       855219     11702.86
    8355.839     0.999927       855244     13653.33
    8355.839     0.999939       855244     16384.00
    8355.839     0.999945       855244     18204.44
    8355.839     0.999951       855244     20480.00
    8359.935     0.999957       855264     23405.71
    8359.935     0.999963       855264     27306.67
    8359.935     0.999969       855264     32768.00
    8359.935     0.999973       855264     36408.89
    8359.935     0.999976       855264     40960.00
    8364.031     0.999979       855266     46811.43
    8368.127     0.999982       855268     54613.33
    8384.511     0.999985       855270     65536.00
    8413.183     0.999986       855274     72817.78
    8413.183     0.999988       855274     81920.00
    8413.183     0.999989       855274     93622.86
    8421.375     0.999991       855280    109226.67
    8421.375     0.999992       855280    131072.00
    8421.375     0.999993       855280    145635.56
    8421.375     0.999994       855280    163840.00
    8421.375     0.999995       855280    187245.71
    8421.375     0.999995       855280    218453.33
    8421.375     0.999996       855280    262144.00
    8429.567     0.999997       855281    291271.11
    8429.567     0.999997       855281    327680.00
    8429.567     0.999997       855281    374491.43
    8437.759     0.999998       855283    436906.67
    8437.759     1.000000       855283          inf
#[Mean    =     6443.484, StdDeviation   =      723.499]
#[Max     =     8429.568, Total count    =       855283]
#[Buckets =           27, SubBuckets     =         2048]
----------------------------------------------------------
  1094532 requests in 30.00s, 143.20MB read
Requests/sec:  36486.28
Transfer/sec:      4.77MB
