Running 30s test @ http://localhost:8080/api/v1/books/hello
  4 threads and 256 connections
  Thread calibration: mean lat.: 18.003ms, rate sampling interval: 23ms
  Thread calibration: mean lat.: 18.200ms, rate sampling interval: 30ms
  Thread calibration: mean lat.: 18.581ms, rate sampling interval: 27ms
  Thread calibration: mean lat.: 19.150ms, rate sampling interval: 28ms
  Thread Stats   Avg      Stdev     Max   +/- Stdev
    Latency     5.29ms   34.30ms   1.03s    99.43%
    Req/Sec     2.56k   677.97     9.70k    83.85%
  Latency Distribution (HdrHistogram - Recorded Latency)
 50.000%    2.24ms
 75.000%    4.04ms
 90.000%    7.94ms
 99.000%   27.82ms
 99.900%  718.34ms
 99.990%    1.01s 
 99.999%    1.03s 
100.000%    1.03s 

  Detailed Percentile spectrum:
       Value   Percentile   TotalCount 1/(1-Percentile)

       0.116     0.000000            1         1.00
       0.896     0.100000        19719         1.11
       1.237     0.200000        39374         1.25
       1.544     0.300000        59105         1.43
       1.866     0.400000        78779         1.67
       2.237     0.500000        98448         2.00
       2.465     0.550000       108345         2.22
       2.735     0.600000       118129         2.50
       3.065     0.650000       127979         2.86
       3.481     0.700000       137786         3.33
       4.037     0.750000       147627         4.00
       4.407     0.775000       152556         4.44
       4.843     0.800000       157470         5.00
       5.375     0.825000       162404         5.71
       6.067     0.850000       167336         6.67
       6.911     0.875000       172253         8.00
       7.383     0.887500       174692         8.89
       7.939     0.900000       177166        10.00
       8.535     0.912500       179625        11.43
       9.263     0.925000       182076        13.33
      10.079     0.937500       184555        16.00
      10.551     0.943750       185782        17.78
      11.119     0.950000       186999        20.00
      11.791     0.956250       188224        22.86
      12.551     0.962500       189454        26.67
      13.591     0.968750       190692        32.00
      14.223     0.971875       191310        35.56
      14.943     0.975000       191916        40.00
      16.055     0.978125       192535        45.71
      17.631     0.981250       193146        53.33
      20.415     0.984375       193764        64.00
      22.671     0.985938       194068        71.11
      24.751     0.987500       194377        80.00
      26.767     0.989062       194685        91.43
      28.495     0.990625       194990       106.67
      31.103     0.992188       195298       128.00
      32.351     0.992969       195452       142.22
      34.911     0.993750       195605       160.00
      40.255     0.994531       195761       182.86
      44.799     0.995313       195913       213.33
      52.095     0.996094       196068       256.00
      53.663     0.996484       196144       284.44
      61.695     0.996875       196220       320.00
     164.735     0.997266       196297       365.71
     291.071     0.997656       196374       426.67
     415.743     0.998047       196452       512.00
     471.295     0.998242       196490       568.89
     540.159     0.998437       196528       640.00
     607.231     0.998633       196567       731.43
     667.135     0.998828       196605       853.33
     734.719     0.999023       196645      1024.00
     760.831     0.999121       196664      1137.78
     788.479     0.999219       196682      1280.00
     828.927     0.999316       196701      1462.86
     861.183     0.999414       196723      1706.67
     883.711     0.999512       196740      2048.00
     905.215     0.999561       196750      2275.56
     911.359     0.999609       196759      2560.00
     930.815     0.999658       196770      2925.71
     954.367     0.999707       196778      3413.33
     955.903     0.999756       196789      4096.00
     978.943     0.999780       196792      4551.11
     979.967     0.999805       196799      5120.00
     980.479     0.999829       196802      5851.43
    1002.495     0.999854       196808      6826.67
    1004.031     0.999878       196812      8192.00
    1005.055     0.999890       196816      9102.22
    1005.055     0.999902       196816     10240.00
    1006.079     0.999915       196820     11702.86
    1022.975     0.999927       196821     13653.33
    1023.999     0.999939       196823     16384.00
    1024.511     0.999945       196827     18204.44
    1024.511     0.999951       196827     20480.00
    1024.511     0.999957       196827     23405.71
    1025.023     0.999963       196828     27306.67
    1025.535     0.999969       196829     32768.00
    1026.047     0.999973       196832     36408.89
    1026.047     0.999976       196832     40960.00
    1026.047     0.999979       196832     46811.43
    1026.047     0.999982       196832     54613.33
    1026.047     0.999985       196832     65536.00
    1026.559     0.999986       196833     72817.78
    1026.559     0.999988       196833     81920.00
    1026.559     0.999989       196833     93622.86
    1027.071     0.999991       196835    109226.67
    1027.071     1.000000       196835          inf
#[Mean    =        5.288, StdDeviation   =       34.300]
#[Max     =     1026.560, Total count    =       196835]
#[Buckets =           27, SubBuckets     =         2048]
----------------------------------------------------------
  292210 requests in 30.01s, 38.23MB read
Requests/sec:   9735.79
Transfer/sec:      1.27MB
