Running 30s test @ http://localhost:8080/api/v1/books/hello
  4 threads and 256 connections
  Thread calibration: mean lat.: 7.351ms, rate sampling interval: 29ms
  Thread calibration: mean lat.: 7.676ms, rate sampling interval: 31ms
  Thread calibration: mean lat.: 7.096ms, rate sampling interval: 29ms
  Thread calibration: mean lat.: 7.357ms, rate sampling interval: 30ms
  Thread Stats   Avg      Stdev     Max   +/- Stdev
    Latency   920.72ms  835.66ms   2.91s    40.49%
    Req/Sec     8.20k     4.64k   36.32k    73.10%
  Latency Distribution (HdrHistogram - Recorded Latency)
 50.000%  932.35ms
 75.000%    1.70s 
 90.000%    2.06s 
 99.000%    2.43s 
 99.900%    2.68s 
 99.990%    2.84s 
 99.999%    2.90s 
100.000%    2.91s 

  Detailed Percentile spectrum:
       Value   Percentile   TotalCount 1/(1-Percentile)

       0.090     0.000000            1         1.00
       3.111     0.100000        59026         1.11
       5.947     0.200000       118083         1.25
      11.663     0.300000       177058         1.43
     376.063     0.400000       236072         1.67
     932.351     0.500000       295135         2.00
    1119.231     0.550000       324651         2.22
    1275.903     0.600000       354179         2.50
    1429.503     0.650000       383697         2.86
    1585.151     0.700000       413273         3.33
    1704.959     0.750000       442860         4.00
    1767.423     0.775000       457429         4.44
    1836.031     0.800000       472378         5.00
    1898.495     0.825000       487149         5.71
    1953.791     0.850000       501693         6.67
    2004.991     0.875000       516426         8.00
    2031.615     0.887500       524052         8.89
    2056.191     0.900000       531433        10.00
    2080.767     0.912500       538647        11.43
    2107.391     0.925000       546058        13.33
    2138.111     0.937500       553540        16.00
    2156.543     0.943750       557316        17.78
    2172.927     0.950000       560885        20.00
    2191.359     0.956250       564409        22.86
    2213.887     0.962500       568321        26.67
    2238.463     0.968750       571851        32.00
    2252.799     0.971875       573587        35.56
    2273.279     0.975000       575595        40.00
    2293.759     0.978125       577300        45.71
    2320.383     0.981250       579161        53.33
    2353.151     0.984375       580985        64.00
    2373.631     0.985938       581960        71.11
    2394.111     0.987500       582870        80.00
    2414.591     0.989062       583728        91.43
    2437.119     0.990625       584663       106.67
    2459.647     0.992188       585579       128.00
    2471.935     0.992969       586102       142.22
    2484.223     0.993750       586530       160.00
    2502.655     0.994531       586984       182.86
    2521.087     0.995313       587453       213.33
    2537.471     0.996094       587891       256.00
    2547.711     0.996484       588117       284.44
    2559.999     0.996875       588353       320.00
    2574.335     0.997266       588572       365.71
    2592.767     0.997656       588797       426.67
    2613.247     0.998047       589041       512.00
    2625.535     0.998242       589146       568.89
    2641.919     0.998437       589260       640.00
    2654.207     0.998633       589381       731.43
    2664.447     0.998828       589491       853.33
    2682.879     0.999023       589605      1024.00
    2691.071     0.999121       589674      1137.78
    2697.215     0.999219       589732      1280.00
    2703.359     0.999316       589782      1462.86
    2715.647     0.999414       589834      1706.67
    2727.935     0.999512       589896      2048.00
    2736.127     0.999561       589921      2275.56
    2744.319     0.999609       589950      2560.00
    2754.559     0.999658       589979      2925.71
    2772.991     0.999707       590010      3413.33
    2789.375     0.999756       590036      4096.00
    2799.615     0.999780       590052      4551.11
    2807.807     0.999805       590067      5120.00
    2813.951     0.999829       590081      5851.43
    2820.095     0.999854       590093      6826.67
    2832.383     0.999878       590110      8192.00
    2836.479     0.999890       590115      9102.22
    2846.719     0.999902       590124     10240.00
    2850.815     0.999915       590130     11702.86
    2865.151     0.999927       590136     13653.33
    2873.343     0.999939       590145     16384.00
    2875.391     0.999945       590148     18204.44
    2879.487     0.999951       590154     20480.00
    2879.487     0.999957       590154     23405.71
    2883.583     0.999963       590162     27306.67
    2883.583     0.999969       590162     32768.00
    2885.631     0.999973       590165     36408.89
    2885.631     0.999976       590165     40960.00
    2889.727     0.999979       590167     46811.43
    2893.823     0.999982       590169     54613.33
    2895.871     0.999985       590170     65536.00
    2897.919     0.999986       590171     72817.78
    2899.967     0.999988       590173     81920.00
    2899.967     0.999989       590173     93622.86
    2904.063     0.999991       590176    109226.67
    2904.063     0.999992       590176    131072.00
    2904.063     0.999993       590176    145635.56
    2904.063     0.999994       590176    163840.00
    2904.063     0.999995       590176    187245.71
    2906.111     0.999995       590177    218453.33
    2906.111     0.999996       590177    262144.00
    2906.111     0.999997       590177    291271.11
    2908.159     0.999997       590179    327680.00
    2908.159     1.000000       590179          inf
#[Mean    =      920.721, StdDeviation   =      835.659]
#[Max     =     2906.112, Total count    =       590179]
#[Buckets =           27, SubBuckets     =         2048]
----------------------------------------------------------
  882554 requests in 30.00s, 115.47MB read
Requests/sec:  29415.63
Transfer/sec:      3.85MB
