Running 30s test @ http://localhost:8080/api/v1/books/random/1000
  4 threads and 256 connections
  Thread calibration: mean lat.: 4441.481ms, rate sampling interval: 15605ms
  Thread calibration: mean lat.: 3709.712ms, rate sampling interval: 16211ms
  Thread calibration: mean lat.: 4446.222ms, rate sampling interval: 15605ms
  Thread calibration: mean lat.: 4456.237ms, rate sampling interval: 15605ms
  Thread Stats   Avg      Stdev     Max   +/- Stdev
    Latency    18.09s     5.24s   27.02s    57.95%
    Req/Sec     2.22k     4.33     2.23k    75.00%
  Latency Distribution (HdrHistogram - Recorded Latency)
 50.000%   18.55s 
 75.000%   22.63s 
 90.000%   25.10s 
 99.000%   26.41s 
 99.900%   26.92s 
 99.990%   27.00s 
 99.999%   27.03s 
100.000%   27.03s 

  Detailed Percentile spectrum:
       Value   Percentile   TotalCount 1/(1-Percentile)

    8536.063     0.000000            2         1.00
   10575.871     0.100000        18164         1.11
   12615.679     0.200000        36276         1.25
   14467.071     0.300000        54351         1.43
   16572.415     0.400000        72460         1.67
   18546.687     0.500000        90531         2.00
   19447.807     0.550000        99569         2.22
   20250.623     0.600000       108659         2.50
   21004.287     0.650000       117864         2.86
   21757.951     0.700000       126862         3.33
   22626.303     0.750000       135776         4.00
   23052.287     0.775000       140289         4.44
   23494.655     0.800000       144921         5.00
   23920.639     0.825000       149480         5.71
   24346.623     0.850000       153990         6.67
   24739.839     0.875000       158461         8.00
   24903.679     0.887500       160663         8.89
   25100.287     0.900000       163055        10.00
   25280.511     0.912500       165303        11.43
   25427.967     0.925000       167442        13.33
   25608.191     0.937500       169834        16.00
   25706.495     0.943750       170885        17.78
   25804.799     0.950000       172155        20.00
   25886.719     0.956250       173149        22.86
   25985.023     0.962500       174369        26.67
   26083.327     0.968750       175542        32.00
   26116.095     0.971875       175935        35.56
   26165.247     0.975000       176517        40.00
   26214.399     0.978125       177101        45.71
   26263.551     0.981250       177638        53.33
   26312.703     0.984375       178215        64.00
   26345.471     0.985938       178593        71.11
   26361.855     0.987500       178760        80.00
   26394.623     0.989062       179144        91.43
   26427.391     0.990625       179435       106.67
   26492.927     0.992188       179642       128.00
   26542.079     0.992969       179786       142.22
   26591.231     0.993750       179919       160.00
   26640.383     0.994531       180057       182.86
   26689.535     0.995313       180198       213.33
   26738.687     0.996094       180344       256.00
   26755.071     0.996484       180388       284.44
   26787.839     0.996875       180486       320.00
   26804.223     0.997266       180534       365.71
   26836.991     0.997656       180629       426.67
   26853.375     0.998047       180676       512.00
   26869.759     0.998242       180722       568.89
   26886.143     0.998437       180768       640.00
   26902.527     0.998633       180818       731.43
   26902.527     0.998828       180818       853.33
   26918.911     0.999023       180864      1024.00
   26918.911     0.999121       180864      1137.78
   26935.295     0.999219       180895      1280.00
   26935.295     0.999316       180895      1462.86
   26951.679     0.999414       180929      1706.67
   26968.063     0.999512       180959      2048.00
   26968.063     0.999561       180959      2275.56
   26968.063     0.999609       180959      2560.00
   26968.063     0.999658       180959      2925.71
   26984.447     0.999707       180979      3413.33
   26984.447     0.999756       180979      4096.00
   26984.447     0.999780       180979      4551.11
   27000.831     0.999805       181000      5120.00
   27000.831     0.999829       181000      5851.43
   27000.831     0.999854       181000      6826.67
   27000.831     0.999878       181000      8192.00
   27000.831     0.999890       181000      9102.22
   27017.215     0.999902       181015     10240.00
   27017.215     0.999915       181015     11702.86
   27017.215     0.999927       181015     13653.33
   27017.215     0.999939       181015     16384.00
   27017.215     0.999945       181015     18204.44
   27017.215     0.999951       181015     20480.00
   27017.215     0.999957       181015     23405.71
   27017.215     0.999963       181015     27306.67
   27017.215     0.999969       181015     32768.00
   27017.215     0.999973       181015     36408.89
   27017.215     0.999976       181015     40960.00
   27017.215     0.999979       181015     46811.43
   27017.215     0.999982       181015     54613.33
   27033.599     0.999985       181018     65536.00
   27033.599     1.000000       181018          inf
#[Mean    =    18090.754, StdDeviation   =     5238.048]
#[Max     =    27017.216, Total count    =       181018]
#[Buckets =           27, SubBuckets     =         2048]
----------------------------------------------------------
  264939 requests in 30.00s, 47.73MB read
Requests/sec:   8831.51
Transfer/sec:      1.59MB
