Running 30s test @ http://localhost:8080/api/v1/books/hello
  4 threads and 256 connections
  Thread calibration: mean lat.: 261.143ms, rate sampling interval: 1996ms
  Thread calibration: mean lat.: 254.341ms, rate sampling interval: 1498ms
  Thread calibration: mean lat.: 227.374ms, rate sampling interval: 1466ms
  Thread calibration: mean lat.: 284.124ms, rate sampling interval: 1793ms
  Thread Stats   Avg      Stdev     Max   +/- Stdev
    Latency     1.32s     1.15s    4.36s    51.36%
    Req/Sec    18.09k     2.73k   22.87k    71.11%
  Latency Distribution (HdrHistogram - Recorded Latency)
 50.000%    1.19s 
 75.000%    2.34s 
 90.000%    2.92s 
 99.000%    3.74s 
 99.900%    4.14s 
 99.990%    4.33s 
 99.999%    4.35s 
100.000%    4.36s 

  Detailed Percentile spectrum:
       Value   Percentile   TotalCount 1/(1-Percentile)

       0.065     0.000000            1         1.00
       2.701     0.100000       141638         1.11
      20.687     0.200000       283300         1.25
     242.175     0.300000       424907         1.43
     743.423     0.400000       566592         1.67
    1193.983     0.500000       708310         2.00
    1387.519     0.550000       779082         2.22
    1638.399     0.600000       849861         2.50
    1925.119     0.650000       920970         2.86
    2148.351     0.700000       991856         3.33
    2336.767     0.750000      1062269         4.00
    2414.591     0.775000      1098177         4.44
    2492.415     0.800000      1133711         5.00
    2584.575     0.825000      1168632         5.71
    2678.783     0.850000      1204561         6.67
    2791.423     0.875000      1239364         8.00
    2846.719     0.887500      1257078         8.89
    2916.351     0.900000      1275008        10.00
    2979.839     0.912500      1292658        11.43
    3059.711     0.925000      1310432        13.33
    3149.823     0.937500      1327968        16.00
    3196.927     0.943750      1336780        17.78
    3252.223     0.950000      1345636        20.00
    3309.567     0.956250      1354666        22.86
    3368.959     0.962500      1363472        26.67
    3438.591     0.968750      1372266        32.00
    3477.503     0.971875      1376556        35.56
    3514.367     0.975000      1381130        40.00
    3549.183     0.978125      1385517        45.71
    3583.999     0.981250      1390013        53.33
    3622.911     0.984375      1394350        64.00
    3649.535     0.985938      1396468        71.11
    3682.303     0.987500      1398758        80.00
    3723.263     0.989062      1400933        91.43
    3751.935     0.990625      1403172       106.67
    3788.799     0.992188      1405324       128.00
    3811.327     0.992969      1406510       142.22
    3833.855     0.993750      1407560       160.00
    3880.959     0.994531      1408652       182.86
    3901.439     0.995313      1409750       213.33
    3932.159     0.996094      1410837       256.00
    3952.639     0.996484      1411422       284.44
    3966.975     0.996875      1411941       320.00
    3983.359     0.997266      1412524       365.71
    4003.839     0.997656      1413055       426.67
    4050.943     0.998047      1413593       512.00
    4071.423     0.998242      1413859       568.89
    4083.711     0.998437      1414150       640.00
    4104.191     0.998633      1414437       731.43
    4120.575     0.998828      1414704       853.33
    4141.055     0.999023      1414966      1024.00
    4177.919     0.999121      1415108      1137.78
    4202.495     0.999219      1415252      1280.00
    4214.783     0.999316      1415385      1462.86
    4222.975     0.999414      1415521      1706.67
    4251.647     0.999512      1415669      2048.00
    4263.935     0.999561      1415743      2275.56
    4276.223     0.999609      1415800      2560.00
    4288.511     0.999658      1415888      2925.71
    4300.799     0.999707      1415936      3413.33
    4317.183     0.999756      1416037      4096.00
    4317.183     0.999780      1416037      4551.11
    4321.279     0.999805      1416116      5120.00
    4321.279     0.999829      1416116      5851.43
    4325.375     0.999854      1416178      6826.67
    4325.375     0.999878      1416178      8192.00
    4329.471     0.999890      1416232      9102.22
    4329.471     0.999902      1416232     10240.00
    4329.471     0.999915      1416232     11702.86
    4333.567     0.999927      1416270     13653.33
    4333.567     0.999939      1416270     16384.00
    4337.663     0.999945      1416299     18204.44
    4337.663     0.999951      1416299     20480.00
    4337.663     0.999957      1416299     23405.71
    4337.663     0.999963      1416299     27306.67
    4341.759     0.999969      1416311     32768.00
    4341.759     0.999973      1416311     36408.89
    4345.855     0.999976      1416325     40960.00
    4345.855     0.999979      1416325     46811.43
    4345.855     0.999982      1416325     54613.33
    4349.951     0.999985      1416342     65536.00
    4349.951     0.999986      1416342     72817.78
    4349.951     0.999988      1416342     81920.00
    4349.951     0.999989      1416342     93622.86
    4349.951     0.999991      1416342    109226.67
    4349.951     0.999992      1416342    131072.00
    4349.951     0.999993      1416342    145635.56
    4349.951     0.999994      1416342    163840.00
    4349.951     0.999995      1416342    187245.71
    4349.951     0.999995      1416342    218453.33
    4354.047     0.999996      1416343    262144.00
    4358.143     0.999997      1416346    291271.11
    4358.143     0.999997      1416346    327680.00
    4358.143     0.999997      1416346    374491.43
    4358.143     0.999998      1416346    436906.67
    4358.143     0.999998      1416346    524288.00
    4358.143     0.999998      1416346    582542.22
    4358.143     0.999998      1416346    655360.00
    4362.239     0.999999      1416348    748982.86
    4362.239     1.000000      1416348          inf
#[Mean    =     1320.954, StdDeviation   =     1146.851]
#[Max     =     4358.144, Total count    =      1416348]
#[Buckets =           27, SubBuckets     =         2048]
----------------------------------------------------------
  1999501 requests in 30.00s, 194.50MB read
Requests/sec:  66652.99
Transfer/sec:      6.48MB
