Running 30s test @ http://localhost:8080/api/v1/books/hello
  4 threads and 256 connections
  Thread calibration: mean lat.: 4.861ms, rate sampling interval: 20ms
  Thread calibration: mean lat.: 4.957ms, rate sampling interval: 22ms
  Thread calibration: mean lat.: 5.001ms, rate sampling interval: 23ms
  Thread calibration: mean lat.: 4.968ms, rate sampling interval: 22ms
  Thread Stats   Avg      Stdev     Max   +/- Stdev
    Latency     3.41ms    4.72ms  93.38ms   90.97%
    Req/Sec     7.71k     1.48k   18.95k    77.82%
  Latency Distribution (HdrHistogram - Recorded Latency)
 50.000%    1.85ms
 75.000%    3.80ms
 90.000%    7.64ms
 99.000%   22.98ms
 99.900%   49.57ms
 99.990%   81.34ms
 99.999%   91.14ms
100.000%   93.44ms

  Detailed Percentile spectrum:
       Value   Percentile   TotalCount 1/(1-Percentile)

       0.080     0.000000            1         1.00
       0.687     0.100000        59076         1.11
       0.966     0.200000       118121         1.25
       1.220     0.300000       177214         1.43
       1.503     0.400000       236048         1.67
       1.854     0.500000       295023         2.00
       2.071     0.550000       324699         2.22
       2.337     0.600000       354114         2.50
       2.683     0.650000       383548         2.86
       3.163     0.700000       413016         3.33
       3.799     0.750000       442474         4.00
       4.199     0.775000       457224         4.44
       4.655     0.800000       471978         5.00
       5.195     0.825000       486746         5.71
       5.843     0.850000       501487         6.67
       6.631     0.875000       516234         8.00
       7.103     0.887500       523583         8.89
       7.639     0.900000       530937        10.00
       8.303     0.912500       538336        11.43
       9.111     0.925000       545732        13.33
      10.111     0.937500       553073        16.00
      10.687     0.943750       556772        17.78
      11.327     0.950000       560453        20.00
      12.087     0.956250       564123        22.86
      13.015     0.962500       567800        26.67
      14.151     0.968750       571498        32.00
      14.847     0.971875       573332        35.56
      15.663     0.975000       575180        40.00
      16.575     0.978125       577016        45.71
      17.711     0.981250       578859        53.33
      19.183     0.984375       580706        64.00
      19.967     0.985938       581641        71.11
      21.071     0.987500       582558        80.00
      22.255     0.989062       583478        91.43
      23.535     0.990625       584404       106.67
      25.007     0.992188       585316       128.00
      26.207     0.992969       585774       142.22
      27.423     0.993750       586233       160.00
      28.927     0.994531       586693       182.86
      30.639     0.995313       587155       213.33
      32.559     0.996094       587618       256.00
      33.919     0.996484       587848       284.44
      35.455     0.996875       588082       320.00
      37.247     0.997266       588307       365.71
      39.135     0.997656       588542       426.67
      41.119     0.998047       588770       512.00
      42.719     0.998242       588884       568.89
      44.159     0.998437       589000       640.00
      45.567     0.998633       589113       731.43
      47.391     0.998828       589228       853.33
      49.759     0.999023       589343      1024.00
      51.103     0.999121       589401      1137.78
      52.991     0.999219       589460      1280.00
      54.751     0.999316       589516      1462.86
      56.543     0.999414       589574      1706.67
      60.191     0.999512       589631      2048.00
      62.079     0.999561       589661      2275.56
      63.327     0.999609       589689      2560.00
      65.311     0.999658       589718      2925.71
      67.711     0.999707       589748      3413.33
      70.207     0.999756       589776      4096.00
      71.423     0.999780       589790      4551.11
      72.831     0.999805       589804      5120.00
      75.135     0.999829       589819      5851.43
      77.759     0.999854       589834      6826.67
      79.231     0.999878       589849      8192.00
      80.831     0.999890       589855      9102.22
      81.535     0.999902       589863     10240.00
      82.175     0.999915       589870     11702.86
      83.199     0.999927       589876     13653.33
      85.567     0.999939       589883     16384.00
      86.015     0.999945       589887     18204.44
      86.911     0.999951       589891     20480.00
      87.679     0.999957       589894     23405.71
      88.319     0.999963       589898     27306.67
      89.791     0.999969       589901     32768.00
      89.919     0.999973       589903     36408.89
      90.367     0.999976       589905     40960.00
      90.559     0.999979       589907     46811.43
      90.751     0.999982       589909     54613.33
      90.815     0.999985       589910     65536.00
      91.007     0.999986       589911     72817.78
      91.071     0.999988       589912     81920.00
      91.135     0.999989       589914     93622.86
      91.135     0.999991       589914    109226.67
      91.647     0.999992       589916    131072.00
      91.647     0.999993       589916    145635.56
      91.647     0.999994       589916    163840.00
      91.647     0.999995       589916    187245.71
      92.991     0.999995       589917    218453.33
      92.991     0.999996       589917    262144.00
      92.991     0.999997       589917    291271.11
      93.055     0.999997       589918    327680.00
      93.055     0.999997       589918    374491.43
      93.055     0.999998       589918    436906.67
      93.055     0.999998       589918    524288.00
      93.055     0.999998       589918    582542.22
      93.439     0.999998       589919    655360.00
      93.439     1.000000       589919          inf
#[Mean    =        3.411, StdDeviation   =        4.721]
#[Max     =       93.376, Total count    =       589919]
#[Buckets =           27, SubBuckets     =         2048]
----------------------------------------------------------
  882081 requests in 29.98s, 85.80MB read
Requests/sec:  29419.51
Transfer/sec:      2.86MB
