Running 30s test @ http://localhost:8080/api/v1/books/hello
  4 threads and 256 connections
  Thread calibration: mean lat.: 138.629ms, rate sampling interval: 1076ms
  Thread calibration: mean lat.: 142.136ms, rate sampling interval: 1110ms
  Thread calibration: mean lat.: 132.737ms, rate sampling interval: 1011ms
  Thread calibration: mean lat.: 141.497ms, rate sampling interval: 1111ms
  Thread Stats   Avg      Stdev     Max   +/- Stdev
    Latency     4.90ms    5.35ms  79.68ms   89.08%
    Req/Sec     2.50k    25.50     2.54k    49.30%
  Latency Distribution (HdrHistogram - Recorded Latency)
 50.000%    3.07ms
 75.000%    6.07ms
 90.000%   10.77ms
 99.000%   27.42ms
 99.900%   44.32ms
 99.990%   58.97ms
 99.999%   69.69ms
100.000%   79.74ms

  Detailed Percentile spectrum:
       Value   Percentile   TotalCount 1/(1-Percentile)

       0.141     0.000000            1         1.00
       1.044     0.100000        19687         1.11
       1.443     0.200000        39391         1.25
       1.863     0.300000        59076         1.43
       2.387     0.400000        78780         1.67
       3.067     0.500000        98456         2.00
       3.495     0.550000       108310         2.22
       3.999     0.600000       118137         2.50
       4.595     0.650000       127988         2.86
       5.271     0.700000       137820         3.33
       6.071     0.750000       147657         4.00
       6.555     0.775000       152599         4.44
       7.127     0.800000       157508         5.00
       7.767     0.825000       162431         5.71
       8.559     0.850000       167361         6.67
       9.527     0.875000       172279         8.00
      10.087     0.887500       174715         8.89
      10.775     0.900000       177175        10.00
      11.631     0.912500       179654        11.43
      12.559     0.925000       182103        13.33
      13.727     0.937500       184568        16.00
      14.391     0.943750       185792        17.78
      15.207     0.950000       187015        20.00
      16.255     0.956250       188247        22.86
      17.439     0.962500       189480        26.67
      18.671     0.968750       190704        32.00
      19.327     0.971875       191331        35.56
      20.127     0.975000       191936        40.00
      21.279     0.978125       192547        45.71
      22.527     0.981250       193164        53.33
      23.855     0.984375       193779        64.00
      24.607     0.985938       194085        71.11
      25.599     0.987500       194396        80.00
      26.639     0.989062       194700        91.43
      27.983     0.990625       195012       106.67
      29.183     0.992188       195317       128.00
      29.791     0.992969       195472       142.22
      30.399     0.993750       195623       160.00
      31.071     0.994531       195779       182.86
      32.063     0.995313       195933       213.33
      33.631     0.996094       196086       256.00
      34.783     0.996484       196162       284.44
      35.647     0.996875       196241       320.00
      36.287     0.997266       196316       365.71
      37.055     0.997656       196396       426.67
      38.463     0.998047       196469       512.00
      39.455     0.998242       196508       568.89
      40.575     0.998437       196547       640.00
      41.887     0.998633       196585       731.43
      43.359     0.998828       196624       853.33
      44.415     0.999023       196661      1024.00
      44.735     0.999121       196681      1137.78
      45.151     0.999219       196700      1280.00
      45.887     0.999316       196721      1462.86
      46.335     0.999414       196738      1706.67
      48.095     0.999512       196757      2048.00
      48.799     0.999561       196767      2275.56
      49.983     0.999609       196777      2560.00
      50.399     0.999658       196786      2925.71
      50.943     0.999707       196796      3413.33
      51.743     0.999756       196805      4096.00
      53.663     0.999780       196810      4551.11
      54.463     0.999805       196815      5120.00
      55.071     0.999829       196821      5851.43
      57.855     0.999854       196825      6826.67
      58.399     0.999878       196829      8192.00
      58.783     0.999890       196832      9102.22
      59.103     0.999902       196834     10240.00
      59.839     0.999915       196837     11702.86
      60.031     0.999927       196839     13653.33
      62.495     0.999939       196841     16384.00
      63.199     0.999945       196843     18204.44
      63.391     0.999951       196844     20480.00
      63.519     0.999957       196845     23405.71
      66.047     0.999963       196846     27306.67
      66.687     0.999969       196847     32768.00
      67.007     0.999973       196848     36408.89
      67.071     0.999976       196849     40960.00
      67.071     0.999979       196849     46811.43
      68.543     0.999982       196850     54613.33
      68.543     0.999985       196850     65536.00
      69.695     0.999986       196851     72817.78
      69.695     0.999988       196851     81920.00
      69.695     0.999989       196851     93622.86
      69.951     0.999991       196852    109226.67
      69.951     0.999992       196852    131072.00
      69.951     0.999993       196852    145635.56
      69.951     0.999994       196852    163840.00
      69.951     0.999995       196852    187245.71
      79.743     0.999995       196853    218453.33
      79.743     1.000000       196853          inf
#[Mean    =        4.902, StdDeviation   =        5.348]
#[Max     =       79.680, Total count    =       196853]
#[Buckets =           27, SubBuckets     =         2048]
----------------------------------------------------------
  290042 requests in 30.00s, 28.21MB read
Requests/sec:   9668.68
Transfer/sec:      0.94MB
