Running 30s test @ http://localhost:8080/api/v1/books/hello
  4 threads and 256 connections
  Thread calibration: mean lat.: 422.289ms, rate sampling interval: 1530ms
  Thread calibration: mean lat.: 1641.886ms, rate sampling interval: 6463ms
  Thread calibration: mean lat.: 875.249ms, rate sampling interval: 7143ms
  Thread calibration: mean lat.: 782.295ms, rate sampling interval: 4833ms
  Thread Stats   Avg      Stdev     Max   +/- Stdev
    Latency     3.44s     2.05s   10.39s    61.58%
    Req/Sec    25.40k     4.43k   31.38k    57.14%
  Latency Distribution (HdrHistogram - Recorded Latency)
 50.000%    3.85s 
 75.000%    5.18s 
 90.000%    5.80s 
 99.000%    8.09s 
 99.900%    9.61s 
 99.990%   10.20s 
 99.999%   10.35s 
100.000%   10.40s 

  Detailed Percentile spectrum:
       Value   Percentile   TotalCount 1/(1-Percentile)

       0.081     0.000000            1         1.00
     697.855     0.100000       215367         1.11
    1339.391     0.200000       430865         1.25
    1679.359     0.300000       646048         1.43
    2617.343     0.400000       861216         1.67
    3850.239     0.500000      1076845         2.00
    4124.671     0.550000      1184020         2.22
    4562.943     0.600000      1293871         2.50
    4796.415     0.650000      1400341         2.86
    5066.751     0.700000      1507565         3.33
    5181.439     0.750000      1618992         4.00
    5230.591     0.775000      1670102         4.44
    5271.551     0.800000      1722716         5.00
    5398.527     0.825000      1776384         5.71
    5586.943     0.850000      1830656         6.67
    5689.343     0.875000      1885453         8.00
    5746.687     0.887500      1911223         8.89
    5795.839     0.900000      1938559        10.00
    5861.375     0.912500      1964915        11.43
    5967.871     0.925000      1991502        13.33
    6057.983     0.937500      2018620        16.00
    6111.231     0.943750      2032961        17.78
    6168.575     0.950000      2045458        20.00
    6275.071     0.956250      2058533        22.86
    6361.087     0.962500      2072556        26.67
    6443.007     0.968750      2085443        32.00
    6541.311     0.971875      2092194        35.56
    6582.271     0.975000      2099260        40.00
    6639.615     0.978125      2105717        45.71
    6758.399     0.981250      2112369        53.33
    7245.823     0.984375      2119039        64.00
    7495.679     0.985938      2122427        71.11
    7700.479     0.987500      2125789        80.00
    7917.567     0.989062      2129139        91.43
    8187.903     0.990625      2132514       106.67
    8413.183     0.992188      2135874       128.00
    8527.871     0.992969      2137590       142.22
    8683.519     0.993750      2139251       160.00
    8855.551     0.994531      2140926       182.86
    9011.199     0.995313      2142620       213.33
    9224.191     0.996094      2144283       256.00
    9306.111     0.996484      2145269       284.44
    9338.879     0.996875      2145994       320.00
    9412.607     0.997266      2146852       365.71
    9469.951     0.997656      2147876       426.67
    9494.527     0.998047      2148603       512.00
    9527.295     0.998242      2148954       568.89
    9543.679     0.998437      2149544       640.00
    9568.255     0.998633      2149809       731.43
    9592.831     0.998828      2150312       853.33
    9617.407     0.999023      2150658      1024.00
    9633.791     0.999121      2150806      1137.78
    9666.559     0.999219      2151104      1280.00
    9682.943     0.999316      2151264      1462.86
    9707.519     0.999414      2151447      1706.67
    9871.359     0.999512      2151626      2048.00
    9953.279     0.999561      2151734      2275.56
   10010.623     0.999609      2151868      2560.00
   10018.815     0.999658      2152005      2925.71
   10027.007     0.999707      2152044      3413.33
   10084.351     0.999756      2152153      4096.00
   10125.311     0.999780      2152249      4551.11
   10133.503     0.999805      2152324      5120.00
   10133.503     0.999829      2152324      5851.43
   10141.695     0.999854      2152361      6826.67
   10199.039     0.999878      2152466      8192.00
   10199.039     0.999890      2152466      9102.22
   10199.039     0.999902      2152466     10240.00
   10215.423     0.999915      2152493     11702.86
   10231.807     0.999927      2152519     13653.33
   10248.191     0.999939      2152550     16384.00
   10256.383     0.999945      2152556     18204.44
   10272.767     0.999951      2152575     20480.00
   10280.959     0.999957      2152583     23405.71
   10297.343     0.999963      2152598     27306.67
   10313.727     0.999969      2152608     32768.00
   10321.919     0.999973      2152627     36408.89
   10321.919     0.999976      2152627     40960.00
   10330.111     0.999979      2152633     46811.43
   10338.303     0.999982      2152646     54613.33
   10338.303     0.999985      2152646     65536.00
   10338.303     0.999986      2152646     72817.78
   10346.495     0.999988      2152651     81920.00
   10346.495     0.999989      2152651     93622.86
   10354.687     0.999991      2152655    109226.67
   10362.879     0.999992      2152664    131072.00
   10362.879     0.999993      2152664    145635.56
   10362.879     0.999994      2152664    163840.00
   10362.879     0.999995      2152664    187245.71
   10362.879     0.999995      2152664    218453.33
   10371.071     0.999996      2152665    262144.00
   10379.263     0.999997      2152666    291271.11
   10387.455     0.999997      2152670    327680.00
   10387.455     0.999997      2152670    374491.43
   10387.455     0.999998      2152670    436906.67
   10387.455     0.999998      2152670    524288.00
   10387.455     0.999998      2152670    582542.22
   10387.455     0.999998      2152670    655360.00
   10395.647     0.999999      2152673    748982.86
   10395.647     1.000000      2152673          inf
#[Mean    =     3442.673, StdDeviation   =     2051.904]
#[Max     =    10387.456, Total count    =      2152673]
#[Buckets =           27, SubBuckets     =         2048]
----------------------------------------------------------
  3054285 requests in 30.00s, 297.10MB read
Requests/sec: 101815.38
Transfer/sec:      9.90MB
