Running 30s test @ http://localhost:8080/api/v1/books/hello
  4 threads and 256 connections
  Thread calibration: mean lat.: 370.120ms, rate sampling interval: 2036ms
  Thread calibration: mean lat.: 286.257ms, rate sampling interval: 1811ms
  Thread calibration: mean lat.: 231.396ms, rate sampling interval: 1801ms
  Thread calibration: mean lat.: 289.213ms, rate sampling interval: 1906ms
  Thread Stats   Avg      Stdev     Max   +/- Stdev
    Latency     1.05s     1.71s    8.40s    86.37%
    Req/Sec    18.44k     1.10k   20.68k    58.97%
  Latency Distribution (HdrHistogram - Recorded Latency)
 50.000%  148.86ms
 75.000%    1.30s 
 90.000%    3.87s 
 99.000%    6.77s 
 99.900%    7.66s 
 99.990%    8.30s 
 99.999%    8.40s 
100.000%    8.40s 

  Detailed Percentile spectrum:
       Value   Percentile   TotalCount 1/(1-Percentile)

       0.070     0.000000            1         1.00
       0.863     0.100000       142550         1.11
       1.308     0.200000       285026         1.25
       2.265     0.300000       427594         1.43
       7.931     0.400000       569991         1.67
     148.863     0.500000       712426         2.00
     331.519     0.550000       783676         2.22
     545.791     0.600000       854970         2.50
     754.175     0.650000       926186         2.86
     974.847     0.700000       997409         3.33
    1299.455     0.750000      1068782         4.00
    1526.783     0.775000      1104379         4.44
    1791.999     0.800000      1139963         5.00
    2168.831     0.825000      1175671         5.71
    2527.231     0.850000      1211264         6.67
    3094.527     0.875000      1246781         8.00
    3536.895     0.887500      1264586         8.89
    3866.623     0.900000      1282365        10.00
    4202.495     0.912500      1300449        11.43
    4546.559     0.925000      1318054        13.33
    4980.735     0.937500      1335820        16.00
    5185.535     0.943750      1344859        17.78
    5402.623     0.950000      1353868        20.00
    5586.943     0.956250      1362558        22.86
    5775.359     0.962500      1371597        26.67
    5992.447     0.968750      1380352        32.00
    6074.367     0.971875      1384857        35.56
    6213.631     0.975000      1389306        40.00
    6320.127     0.978125      1393682        45.71
    6443.007     0.981250      1398217        53.33
    6574.079     0.984375      1402653        64.00
    6635.519     0.985938      1404910        71.11
    6696.959     0.987500      1407133        80.00
    6750.207     0.989062      1409459        91.43
    6819.839     0.990625      1411531       106.67
    6930.431     0.992188      1413839       128.00
    6995.967     0.992969      1414875       142.22
    7049.215     0.993750      1415942       160.00
    7110.655     0.994531      1417075       182.86
    7167.999     0.995313      1418185       213.33
    7237.631     0.996094      1419293       256.00
    7290.879     0.996484      1419877       284.44
    7327.743     0.996875      1420446       320.00
    7372.799     0.997266      1421014       365.71
    7434.239     0.997656      1421526       426.67
    7491.583     0.998047      1422087       512.00
    7561.215     0.998242      1422346       568.89
    7589.887     0.998437      1422622       640.00
    7618.559     0.998633      1422920       731.43
    7651.327     0.998828      1423183       853.33
    7663.615     0.999023      1423498      1024.00
    7700.479     0.999121      1423618      1137.78
    7798.783     0.999219      1423737      1280.00
    7860.223     0.999316      1423878      1462.86
    7909.375     0.999414      1424024      1706.67
    8011.775     0.999512      1424158      2048.00
    8081.407     0.999561      1424236      2275.56
    8085.503     0.999609      1424297      2560.00
    8089.599     0.999658      1424363      2925.71
    8130.559     0.999707      1424439      3413.33
    8142.847     0.999756      1424504      4096.00
    8155.135     0.999780      1424542      4551.11
    8237.055     0.999805      1424570      5120.00
    8253.439     0.999829      1424601      5851.43
    8278.015     0.999854      1424645      6826.67
    8286.207     0.999878      1424680      8192.00
    8290.303     0.999890      1424688      9102.22
    8302.591     0.999902      1424707     10240.00
    8335.359     0.999915      1424732     11702.86
    8339.455     0.999927      1424753     13653.33
    8343.551     0.999939      1424758     16384.00
    8351.743     0.999945      1424767     18204.44
    8368.127     0.999951      1424781     20480.00
    8372.223     0.999957      1424790     23405.71
    8376.319     0.999963      1424799     27306.67
    8380.415     0.999969      1424801     32768.00
    8384.511     0.999973      1424807     36408.89
    8388.607     0.999976      1424817     40960.00
    8388.607     0.999979      1424817     46811.43
    8396.799     0.999982      1424839     54613.33
    8396.799     0.999985      1424839     65536.00
    8396.799     0.999986      1424839     72817.78
    8396.799     0.999988      1424839     81920.00
    8396.799     0.999989      1424839     93622.86
    8396.799     0.999991      1424839    109226.67
    8396.799     0.999992      1424839    131072.00
    8396.799     0.999993      1424839    145635.56
    8396.799     0.999994      1424839    163840.00
    8396.799     0.999995      1424839    187245.71
    8396.799     0.999995      1424839    218453.33
    8396.799     0.999996      1424839    262144.00
    8404.991     0.999997      1424844    291271.11
    8404.991     1.000000      1424844          inf
#[Mean    =     1054.712, StdDeviation   =     1711.784]
#[Max     =     8396.800, Total count    =      1424844]
#[Buckets =           27, SubBuckets     =         2048]
----------------------------------------------------------
  2149083 requests in 30.00s, 209.05MB read
Requests/sec:  71630.89
Transfer/sec:      6.97MB
