Running 30s test @ http://localhost:8080/api/v1/books/random/1000
  4 threads and 256 connections
  Thread calibration: mean lat.: 3827.768ms, rate sampling interval: 11190ms
  Thread calibration: mean lat.: 4207.677ms, rate sampling interval: 12402ms
  Thread calibration: mean lat.: 3824.550ms, rate sampling interval: 11198ms
  Thread calibration: mean lat.: 4192.803ms, rate sampling interval: 12402ms
  Thread Stats   Avg      Stdev     Max   +/- Stdev
    Latency     9.49s     1.14s   10.94s    75.98%
    Req/Sec     1.69k    29.76     1.72k   100.00%
  Latency Distribution (HdrHistogram - Recorded Latency)
 50.000%    9.88s 
 75.000%   10.41s 
 90.000%   10.59s 
 99.000%   10.81s 
 99.900%   10.89s 
 99.990%   10.93s 
 99.999%   10.94s 
100.000%   10.94s 

  Detailed Percentile spectrum:
       Value   Percentile   TotalCount 1/(1-Percentile)

    5976.063     0.000000            1         1.00
    7593.983     0.100000        15609         1.11
    8560.639     0.200000        31247         1.25
    9224.191     0.300000        46717         1.43
    9756.671     0.400000        62925         1.67
    9879.551     0.500000        78678         2.00
    9920.511     0.550000        86109         2.22
    9969.663     0.600000        94214         2.50
   10051.583     0.650000       101646         2.86
   10223.615     0.700000       109066         3.33
   10412.031     0.750000       117278         4.00
   10452.991     0.775000       121271         4.44
   10485.759     0.800000       125627         5.00
   10510.335     0.825000       129520         5.71
   10534.911     0.850000       133324         6.67
   10559.487     0.875000       136605         8.00
   10575.871     0.887500       138753         8.89
   10592.255     0.900000       140955        10.00
   10608.639     0.912500       143084        11.43
   10616.831     0.925000       144055        13.33
   10641.407     0.937500       146520        16.00
   10649.599     0.943750       147138        17.78
   10665.983     0.950000       148321        20.00
   10682.367     0.956250       149278        22.86
   10698.751     0.962500       150282        26.67
   10715.135     0.968750       151052        32.00
   10723.327     0.971875       151423        35.56
   10731.519     0.975000       151810        40.00
   10747.903     0.978125       152504        45.71
   10756.095     0.981250       152831        53.33
   10772.479     0.984375       153356        64.00
   10780.671     0.985938       153609        71.11
   10788.863     0.987500       153825        80.00
   10797.055     0.989062       154029        91.43
   10805.247     0.990625       154251       106.67
   10821.631     0.992188       154660       128.00
   10821.631     0.992969       154660       142.22
   10829.823     0.993750       154849       160.00
   10829.823     0.994531       154849       182.86
   10838.015     0.995313       154999       213.33
   10846.207     0.996094       155158       256.00
   10846.207     0.996484       155158       284.44
   10854.399     0.996875       155261       320.00
   10862.591     0.997266       155349       365.71
   10862.591     0.997656       155349       426.67
   10870.783     0.998047       155436       512.00
   10870.783     0.998242       155436       568.89
   10878.975     0.998437       155514       640.00
   10878.975     0.998633       155514       731.43
   10878.975     0.998828       155514       853.33
   10887.167     0.999023       155569      1024.00
   10887.167     0.999121       155569      1137.78
   10895.359     0.999219       155609      1280.00
   10895.359     0.999316       155609      1462.86
   10895.359     0.999414       155609      1706.67
   10903.551     0.999512       155636      2048.00
   10903.551     0.999561       155636      2275.56
   10903.551     0.999609       155636      2560.00
   10911.743     0.999658       155659      2925.71
   10911.743     0.999707       155659      3413.33
   10911.743     0.999756       155659      4096.00
   10919.935     0.999780       155670      4551.11
   10919.935     0.999805       155670      5120.00
   10919.935     0.999829       155670      5851.43
   10928.127     0.999854       155678      6826.67
   10928.127     0.999878       155678      8192.00
   10928.127     0.999890       155678      9102.22
   10936.319     0.999902       155690     10240.00
   10936.319     0.999915       155690     11702.86
   10936.319     0.999927       155690     13653.33
   10936.319     0.999939       155690     16384.00
   10936.319     0.999945       155690     18204.44
   10936.319     0.999951       155690     20480.00
   10936.319     0.999957       155690     23405.71
   10936.319     0.999963       155690     27306.67
   10936.319     0.999969       155690     32768.00
   10936.319     0.999973       155690     36408.89
   10944.511     0.999976       155694     40960.00
   10944.511     1.000000       155694          inf
#[Mean    =     9491.546, StdDeviation   =     1138.093]
#[Max     =    10936.320, Total count    =       155694]
#[Buckets =           27, SubBuckets     =         2048]
----------------------------------------------------------
  189894 requests in 30.00s, 34.21MB read
Requests/sec:   6329.25
Transfer/sec:      1.14MB
