Running 30s test @ http://localhost:8080/api/v1/books/random/1000
  4 threads and 256 connections
  Thread calibration: mean lat.: 3791.239ms, rate sampling interval: 15171ms
  Thread calibration: mean lat.: 3981.584ms, rate sampling interval: 14417ms
  Thread calibration: mean lat.: 3973.803ms, rate sampling interval: 14434ms
  Thread calibration: mean lat.: 3768.694ms, rate sampling interval: 15163ms
  Thread Stats   Avg      Stdev     Max   +/- Stdev
    Latency    16.40s     4.71s   25.12s    58.43%
    Req/Sec     2.42k     5.55     2.42k    75.00%
  Latency Distribution (HdrHistogram - Recorded Latency)
 50.000%   16.24s 
 75.000%   20.46s 
 90.000%   22.94s 
 99.000%   24.72s 
 99.900%   25.05s 
 99.990%   25.10s 
 99.999%   25.12s 
100.000%   25.13s 

  Detailed Percentile spectrum:
       Value   Percentile   TotalCount 1/(1-Percentile)

    7942.143     0.000000            1         1.00
    9953.279     0.100000        18865         1.11
   11673.599     0.200000        37620         1.25
   13139.967     0.300000        56364         1.43
   14639.103     0.400000        75159         1.67
   16236.543     0.500000        93911         2.00
   17186.815     0.550000       103277         2.22
   17989.631     0.600000       112667         2.50
   18759.679     0.650000       122248         2.86
   19546.111     0.700000       131463         3.33
   20463.615     0.750000       140955         4.00
   20938.751     0.775000       145685         4.44
   21381.119     0.800000       150334         5.00
   21790.719     0.825000       154982         5.71
   22151.167     0.850000       159758         6.67
   22527.999     0.875000       164423         8.00
   22708.223     0.887500       166728         8.89
   22937.599     0.900000       169141        10.00
   23166.975     0.912500       171386        11.43
   23396.351     0.925000       173732        13.33
   23625.727     0.937500       176053        16.00
   23756.799     0.943750       177277        17.78
   23871.487     0.950000       178429        20.00
   23986.175     0.956250       179599        22.86
   24100.863     0.962500       180801        26.67
   24215.551     0.968750       181960        32.00
   24281.087     0.971875       182568        35.56
   24346.623     0.975000       183175        40.00
   24395.775     0.978125       183679        45.71
   24461.311     0.981250       184395        53.33
   24510.463     0.984375       184889        64.00
   24559.615     0.985938       185137        71.11
   24625.151     0.987500       185437        80.00
   24690.687     0.989062       185779        91.43
   24739.839     0.990625       186012       106.67
   24805.375     0.992188       186314       128.00
   24838.143     0.992969       186467       142.22
   24870.911     0.993750       186629       160.00
   24903.679     0.994531       186794       182.86
   24936.447     0.995313       186968       213.33
   24952.831     0.996094       187058       256.00
   24969.215     0.996484       187150       284.44
   24985.599     0.996875       187249       320.00
   25001.983     0.997266       187348       365.71
   25001.983     0.997656       187348       426.67
   25018.367     0.998047       187439       512.00
   25034.751     0.998242       187519       568.89
   25034.751     0.998437       187519       640.00
   25034.751     0.998633       187519       731.43
   25051.135     0.998828       187594       853.33
   25051.135     0.999023       187594      1024.00
   25067.519     0.999121       187656      1137.78
   25067.519     0.999219       187656      1280.00
   25067.519     0.999316       187656      1462.86
   25083.903     0.999414       187715      1706.67
   25083.903     0.999512       187715      2048.00
   25083.903     0.999561       187715      2275.56
   25083.903     0.999609       187715      2560.00
   25083.903     0.999658       187715      2925.71
   25100.287     0.999707       187757      3413.33
   25100.287     0.999756       187757      4096.00
   25100.287     0.999780       187757      4551.11
   25100.287     0.999805       187757      5120.00
   25100.287     0.999829       187757      5851.43
   25100.287     0.999854       187757      6826.67
   25100.287     0.999878       187757      8192.00
   25100.287     0.999890       187757      9102.22
   25100.287     0.999902       187757     10240.00
   25100.287     0.999915       187757     11702.86
   25116.671     0.999927       187771     13653.33
   25116.671     0.999939       187771     16384.00
   25116.671     0.999945       187771     18204.44
   25116.671     0.999951       187771     20480.00
   25116.671     0.999957       187771     23405.71
   25116.671     0.999963       187771     27306.67
   25116.671     0.999969       187771     32768.00
   25116.671     0.999973       187771     36408.89
   25116.671     0.999976       187771     40960.00
   25116.671     0.999979       187771     46811.43
   25116.671     0.999982       187771     54613.33
   25116.671     0.999985       187771     65536.00
   25116.671     0.999986       187771     72817.78
   25116.671     0.999988       187771     81920.00
   25116.671     0.999989       187771     93622.86
   25116.671     0.999991       187771    109226.67
   25116.671     0.999992       187771    131072.00
   25116.671     0.999993       187771    145635.56
   25116.671     0.999994       187771    163840.00
   25116.671     0.999995       187771    187245.71
   25133.055     0.999995       187772    218453.33
   25133.055     1.000000       187772          inf
#[Mean    =    16397.854, StdDeviation   =     4713.205]
#[Max     =    25116.672, Total count    =       187772]
#[Buckets =           27, SubBuckets     =         2048]
----------------------------------------------------------
  277598 requests in 30.00s, 50.01MB read
Requests/sec:   9253.45
Transfer/sec:      1.67MB
