Running 30s test @ http://localhost:8080/api/v1/books/random/1000
  4 threads and 256 connections
  Thread calibration: mean lat.: 3833.877ms, rate sampling interval: 14639ms
  Thread calibration: mean lat.: 3851.651ms, rate sampling interval: 14655ms
  Thread calibration: mean lat.: 3104.528ms, rate sampling interval: 14753ms
  Thread calibration: mean lat.: 3837.635ms, rate sampling interval: 14639ms
  Thread Stats   Avg      Stdev     Max   +/- Stdev
    Latency    17.03s     4.75s   25.76s    58.91%
    Req/Sec     2.29k     1.00     2.30k    50.00%
  Latency Distribution (HdrHistogram - Recorded Latency)
 50.000%   16.92s 
 75.000%   21.05s 
 90.000%   23.72s 
 99.000%   25.23s 
 99.900%   25.61s 
 99.990%   25.72s 
 99.999%   25.76s 
100.000%   25.77s 

  Detailed Percentile spectrum:
       Value   Percentile   TotalCount 1/(1-Percentile)

    8171.519     0.000000            1         1.00
   10633.215     0.100000        17986         1.11
   12287.999     0.200000        35899         1.25
   13795.327     0.300000        53870         1.43
   15376.383     0.400000        71822         1.67
   16924.671     0.500000        89866         2.00
   17842.175     0.550000        98826         2.22
   18563.071     0.600000       107832         2.50
   19283.967     0.650000       116706         2.86
   20152.319     0.700000       125780         3.33
   21053.439     0.750000       134666         4.00
   21544.959     0.775000       139173         4.44
   22003.711     0.800000       143655         5.00
   22413.311     0.825000       148120         5.71
   22839.295     0.850000       152728         6.67
   23281.663     0.875000       157137         8.00
   23511.039     0.887500       159442         8.89
   23724.031     0.900000       161624        10.00
   23920.639     0.912500       163895        11.43
   24133.631     0.925000       166077        13.33
   24363.007     0.937500       168374        16.00
   24477.695     0.943750       169413        17.78
   24608.767     0.950000       170620        20.00
   24723.455     0.956250       171747        22.86
   24821.759     0.962500       172983        26.67
   24903.679     0.968750       174060        32.00
   24936.447     0.971875       174497        35.56
   24985.599     0.975000       175081        40.00
   25034.751     0.978125       175626        45.71
   25083.903     0.981250       176202        53.33
   25133.055     0.984375       176762        64.00
   25165.823     0.985938       177131        71.11
   25182.207     0.987500       177287        80.00
   25214.975     0.989062       177602        91.43
   25247.743     0.990625       177930       106.67
   25264.127     0.992188       178094       128.00
   25296.895     0.992969       178333       142.22
   25313.279     0.993750       178445       160.00
   25329.663     0.994531       178505       182.86
   25378.815     0.995313       178666       213.33
   25427.967     0.996094       178821       256.00
   25444.351     0.996484       178868       284.44
   25477.119     0.996875       178966       320.00
   25493.503     0.997266       179019       365.71
   25509.887     0.997656       179063       426.67
   25542.655     0.998047       179152       512.00
   25559.039     0.998242       179199       568.89
   25575.423     0.998437       179235       640.00
   25575.423     0.998633       179235       731.43
   25591.807     0.998828       179277       853.33
   25624.575     0.999023       179339      1024.00
   25624.575     0.999121       179339      1137.78
   25640.959     0.999219       179367      1280.00
   25640.959     0.999316       179367      1462.86
   25657.343     0.999414       179399      1706.67
   25657.343     0.999512       179399      2048.00
   25673.727     0.999561       179424      2275.56
   25673.727     0.999609       179424      2560.00
   25673.727     0.999658       179424      2925.71
   25690.111     0.999707       179444      3413.33
   25690.111     0.999756       179444      4096.00
   25690.111     0.999780       179444      4551.11
   25706.495     0.999805       179459      5120.00
   25706.495     0.999829       179459      5851.43
   25706.495     0.999854       179459      6826.67
   25706.495     0.999878       179459      8192.00
   25722.879     0.999890       179466      9102.22
   25722.879     0.999902       179466     10240.00
   25722.879     0.999915       179466     11702.86
   25739.263     0.999927       179475     13653.33
   25739.263     0.999939       179475     16384.00
   25739.263     0.999945       179475     18204.44
   25739.263     0.999951       179475     20480.00
   25739.263     0.999957       179475     23405.71
   25739.263     0.999963       179475     27306.67
   25739.263     0.999969       179475     32768.00
   25755.647     0.999973       179478     36408.89
   25755.647     0.999976       179478     40960.00
   25755.647     0.999979       179478     46811.43
   25755.647     0.999982       179478     54613.33
   25755.647     0.999985       179478     65536.00
   25755.647     0.999986       179478     72817.78
   25755.647     0.999988       179478     81920.00
   25772.031     0.999989       179480     93622.86
   25772.031     1.000000       179480          inf
#[Mean    =    17029.182, StdDeviation   =     4750.156]
#[Max     =    25755.648, Total count    =       179480]
#[Buckets =           27, SubBuckets     =         2048]
----------------------------------------------------------
  266032 requests in 30.00s, 47.92MB read
Requests/sec:   8867.73
Transfer/sec:      1.60MB
