Running 30s test @ http://localhost:8080/api/v1/books/random/1000
  4 threads and 256 connections
  Thread calibration: mean lat.: 2535.594ms, rate sampling interval: 8716ms
  Thread calibration: mean lat.: 2545.509ms, rate sampling interval: 8749ms
  Thread calibration: mean lat.: 2510.121ms, rate sampling interval: 8683ms
  Thread calibration: mean lat.: 2527.132ms, rate sampling interval: 8699ms
  Thread Stats   Avg      Stdev     Max   +/- Stdev
    Latency    10.16s     3.76s   16.67s    56.20%
    Req/Sec     2.00k   176.35     2.18k    37.50%
  Latency Distribution (HdrHistogram - Recorded Latency)
 50.000%   10.03s 
 75.000%   13.56s 
 90.000%   15.43s 
 99.000%   16.42s 
 99.900%   16.56s 
 99.990%   16.64s 
 99.999%   16.65s 
100.000%   16.68s 

  Detailed Percentile spectrum:
       Value   Percentile   TotalCount 1/(1-Percentile)

    4669.439     0.000000            1         1.00
    5402.623     0.100000        15731         1.11
    6287.359     0.200000        31531         1.25
    6877.183     0.300000        47269         1.43
    7667.711     0.400000        62887         1.67
   10027.007     0.500000        78596         2.00
   11157.503     0.550000        86460         2.22
   11886.591     0.600000        94360         2.50
   12386.303     0.650000       102232         2.86
   12984.319     0.700000       110060         3.33
   13557.759     0.750000       118004         4.00
   13860.863     0.775000       121909         4.44
   14254.079     0.800000       125860         5.00
   14508.031     0.825000       129767         5.71
   14753.791     0.850000       133641         6.67
   14974.975     0.875000       137579         8.00
   15204.351     0.887500       139554         8.89
   15425.535     0.900000       141526        10.00
   15597.567     0.912500       143494        11.43
   15745.023     0.925000       145465        13.33
   15884.287     0.937500       147493        16.00
   15933.439     0.943750       148362        17.78
   15998.975     0.950000       149381        20.00
   16064.511     0.956250       150387        22.86
   16130.047     0.962500       151414        26.67
   16195.583     0.968750       152365        32.00
   16228.351     0.971875       152851        35.56
   16261.119     0.975000       153339        40.00
   16293.887     0.978125       153863        45.71
   16318.463     0.981250       154256        53.33
   16351.231     0.984375       154758        64.00
   16375.807     0.985938       155077        71.11
   16392.191     0.987500       155284        80.00
   16408.575     0.989062       155493        91.43
   16433.151     0.990625       155793       106.67
   16449.535     0.992188       155997       128.00
   16457.727     0.992969       156102       142.22
   16474.111     0.993750       156289       160.00
   16482.303     0.994531       156385       182.86
   16490.495     0.995313       156476       213.33
   16498.687     0.996094       156572       256.00
   16506.879     0.996484       156647       284.44
   16515.071     0.996875       156725       320.00
   16523.263     0.997266       156794       365.71
   16531.455     0.997656       156862       426.67
   16539.647     0.998047       156922       512.00
   16539.647     0.998242       156922       568.89
   16547.839     0.998437       156975       640.00
   16547.839     0.998633       156975       731.43
   16556.031     0.998828       157017       853.33
   16564.223     0.999023       157054      1024.00
   16564.223     0.999121       157054      1137.78
   16572.415     0.999219       157083      1280.00
   16572.415     0.999316       157083      1462.86
   16580.607     0.999414       157100      1706.67
   16588.799     0.999512       157117      2048.00
   16588.799     0.999561       157117      2275.56
   16596.991     0.999609       157127      2560.00
   16605.183     0.999658       157137      2925.71
   16613.375     0.999707       157150      3413.33
   16613.375     0.999756       157150      4096.00
   16613.375     0.999780       157150      4551.11
   16621.567     0.999805       157160      5120.00
   16621.567     0.999829       157160      5851.43
   16629.759     0.999854       157166      6826.67
   16629.759     0.999878       157166      8192.00
   16637.951     0.999890       157174      9102.22
   16637.951     0.999902       157174     10240.00
   16637.951     0.999915       157174     11702.86
   16637.951     0.999927       157174     13653.33
   16646.143     0.999939       157180     16384.00
   16646.143     0.999945       157180     18204.44
   16646.143     0.999951       157180     20480.00
   16646.143     0.999957       157180     23405.71
   16646.143     0.999963       157180     27306.67
   16646.143     0.999969       157180     32768.00
   16646.143     0.999973       157180     36408.89
   16654.335     0.999976       157183     40960.00
   16654.335     0.999979       157183     46811.43
   16654.335     0.999982       157183     54613.33
   16654.335     0.999985       157183     65536.00
   16654.335     0.999986       157183     72817.78
   16654.335     0.999988       157183     81920.00
   16654.335     0.999989       157183     93622.86
   16654.335     0.999991       157183    109226.67
   16654.335     0.999992       157183    131072.00
   16654.335     0.999993       157183    145635.56
   16678.911     0.999994       157184    163840.00
   16678.911     1.000000       157184          inf
#[Mean    =    10158.639, StdDeviation   =     3759.332]
#[Max     =    16670.720, Total count    =       157184]
#[Buckets =           27, SubBuckets     =         2048]
----------------------------------------------------------
  265873 requests in 30.00s, 47.89MB read
Requests/sec:   8861.64
Transfer/sec:      1.60MB
