Running 30s test @ http://localhost:8080/api/v1/books/random/1000
  4 threads and 256 connections
  Thread calibration: mean lat.: 3316.078ms, rate sampling interval: 12345ms
  Thread calibration: mean lat.: 3503.377ms, rate sampling interval: 11812ms
  Thread calibration: mean lat.: 3305.897ms, rate sampling interval: 12312ms
  Thread calibration: mean lat.: 3508.199ms, rate sampling interval: 11812ms
  Thread Stats   Avg      Stdev     Max   +/- Stdev
    Latency    13.00s     3.69s   19.45s    57.43%
    Req/Sec     2.65k     2.96     2.65k    75.00%
  Latency Distribution (HdrHistogram - Recorded Latency)
 50.000%   13.21s 
 75.000%   16.19s 
 90.000%   18.04s 
 99.000%   19.15s 
 99.900%   19.37s 
 99.990%   19.42s 
 99.999%   19.46s 
100.000%   19.46s 

  Detailed Percentile spectrum:
       Value   Percentile   TotalCount 1/(1-Percentile)

    6402.047     0.000000            1         1.00
    7843.839     0.100000        21252         1.11
    9109.503     0.200000        42512         1.25
   10395.647     0.300000        63632         1.43
   11804.671     0.400000        84847         1.67
   13205.503     0.500000       106048         2.00
   13778.943     0.550000       116674         2.22
   14368.767     0.600000       127354         2.50
   14974.975     0.650000       137840         2.86
   15605.759     0.700000       148480         3.33
   16187.391     0.750000       159158         4.00
   16498.687     0.775000       164354         4.44
   16809.983     0.800000       169689         5.00
   17104.895     0.825000       174967         5.71
   17432.575     0.850000       180412         6.67
   17727.487     0.875000       185579         8.00
   17891.327     0.887500       188482         8.89
   18038.783     0.900000       191053        10.00
   18186.239     0.912500       193493        11.43
   18350.079     0.925000       196229        13.33
   18513.919     0.937500       199009        16.00
   18579.455     0.943750       200224        17.78
   18661.375     0.950000       201666        20.00
   18726.911     0.956250       202907        22.86
   18792.447     0.962500       204189        26.67
   18857.983     0.968750       205407        32.00
   18907.135     0.971875       206271        35.56
   18939.903     0.975000       206895        40.00
   18972.671     0.978125       207541        45.71
   19005.439     0.981250       208132        53.33
   19054.591     0.984375       208864        64.00
   19070.975     0.985938       209045        71.11
   19103.743     0.987500       209418        80.00
   19136.511     0.989062       209751        91.43
   19169.279     0.990625       210090       106.67
   19202.047     0.992188       210406       128.00
   19218.431     0.992969       210561       142.22
   19234.815     0.993750       210697       160.00
   19267.583     0.994531       210969       182.86
   19283.967     0.995313       211122       213.33
   19300.351     0.996094       211293       256.00
   19300.351     0.996484       211293       284.44
   19316.735     0.996875       211441       320.00
   19333.119     0.997266       211596       365.71
   19333.119     0.997656       211596       426.67
   19349.503     0.998047       211722       512.00
   19349.503     0.998242       211722       568.89
   19349.503     0.998437       211722       640.00
   19365.887     0.998633       211835       731.43
   19365.887     0.998828       211835       853.33
   19365.887     0.999023       211835      1024.00
   19365.887     0.999121       211835      1137.78
   19382.271     0.999219       211928      1280.00
   19382.271     0.999316       211928      1462.86
   19382.271     0.999414       211928      1706.67
   19382.271     0.999512       211928      2048.00
   19382.271     0.999561       211928      2275.56
   19398.655     0.999609       211988      2560.00
   19398.655     0.999658       211988      2925.71
   19398.655     0.999707       211988      3413.33
   19398.655     0.999756       211988      4096.00
   19398.655     0.999780       211988      4551.11
   19398.655     0.999805       211988      5120.00
   19398.655     0.999829       211988      5851.43
   19415.039     0.999854       212004      6826.67
   19415.039     0.999878       212004      8192.00
   19415.039     0.999890       212004      9102.22
   19415.039     0.999902       212004     10240.00
   19415.039     0.999915       212004     11702.86
   19431.423     0.999927       212014     13653.33
   19431.423     0.999939       212014     16384.00
   19431.423     0.999945       212014     18204.44
   19431.423     0.999951       212014     20480.00
   19431.423     0.999957       212014     23405.71
   19431.423     0.999963       212014     27306.67
   19447.807     0.999969       212018     32768.00
   19447.807     0.999973       212018     36408.89
   19447.807     0.999976       212018     40960.00
   19447.807     0.999979       212018     46811.43
   19447.807     0.999982       212018     54613.33
   19447.807     0.999985       212018     65536.00
   19464.191     0.999986       212021     72817.78
   19464.191     1.000000       212021          inf
#[Mean    =    13002.209, StdDeviation   =     3690.469]
#[Max     =    19447.808, Total count    =       212021]
#[Buckets =           27, SubBuckets     =         2048]
----------------------------------------------------------
  306451 requests in 30.00s, 55.20MB read
Requests/sec:  10215.14
Transfer/sec:      1.84MB
