Running 30s test @ http://localhost:8080/api/v1/books/random/1000
  4 threads and 256 connections
  Thread calibration: mean lat.: 3963.472ms, rate sampling interval: 14467ms
  Thread calibration: mean lat.: 3962.435ms, rate sampling interval: 14467ms
  Thread calibration: mean lat.: 3963.491ms, rate sampling interval: 14467ms
  Thread calibration: mean lat.: 3731.781ms, rate sampling interval: 13369ms
  Thread Stats   Avg      Stdev     Max   +/- Stdev
    Latency    14.55s     6.03s   25.77s    63.47%
    Req/Sec     1.26k    20.50     1.29k    75.00%
  Latency Distribution (HdrHistogram - Recorded Latency)
 50.000%   11.44s 
 75.000%   20.22s 
 90.000%   24.12s 
 99.000%   25.59s 
 99.900%   25.74s 
 99.990%   25.79s 
 99.999%   25.79s 
100.000%   25.79s 

  Detailed Percentile spectrum:
       Value   Percentile   TotalCount 1/(1-Percentile)

    7282.687     0.000000            1         1.00
    8364.031     0.100000         9435         1.11
    9019.391     0.200000        18881         1.25
    9822.207     0.300000        28310         1.43
   10608.639     0.400000        37738         1.67
   11436.031     0.500000        47139         2.00
   12115.967     0.550000        51809         2.22
   15212.543     0.600000        56493         2.50
   17465.343     0.650000        61239         2.86
   18939.903     0.700000        65973         3.33
   20217.855     0.750000        70622         4.00
   21086.207     0.775000        72970         4.44
   21757.951     0.800000        75321         5.00
   22380.543     0.825000        77696         5.71
   23003.135     0.850000        80076         6.67
   23543.807     0.875000        82413         8.00
   23822.335     0.887500        83586         8.89
   24117.247     0.900000        84744        10.00
   24395.775     0.912500        85958        11.43
   24641.535     0.925000        87159        13.33
   24854.527     0.937500        88296        16.00
   24952.831     0.943750        88960        17.78
   25034.751     0.950000        89556        20.00
   25100.287     0.956250        90046        22.86
   25198.591     0.962500        90686        26.67
   25296.895     0.968750        91310        32.00
   25329.663     0.971875        91500        35.56
   25395.199     0.975000        91847        40.00
   25444.351     0.978125        92126        45.71
   25493.503     0.981250        92439        53.33
   25526.271     0.984375        92703        64.00
   25542.655     0.985938        92836        71.11
   25575.423     0.987500        93119        80.00
   25575.423     0.989062        93119        91.43
   25591.807     0.990625        93264       106.67
   25624.575     0.992188        93511       128.00
   25624.575     0.992969        93511       142.22
   25640.959     0.993750        93627       160.00
   25657.343     0.994531        93727       182.86
   25657.343     0.995313        93727       213.33
   25673.727     0.996094        93828       256.00
   25673.727     0.996484        93828       284.44
   25690.111     0.996875        93908       320.00
   25690.111     0.997266        93908       365.71
   25706.495     0.997656        93987       426.67
   25706.495     0.998047        93987       512.00
   25706.495     0.998242        93987       568.89
   25722.879     0.998437        94039       640.00
   25722.879     0.998633        94039       731.43
   25722.879     0.998828        94039       853.33
   25739.263     0.999023        94078      1024.00
   25739.263     0.999121        94078      1137.78
   25739.263     0.999219        94078      1280.00
   25755.647     0.999316        94111      1462.86
   25755.647     0.999414        94111      1706.67
   25755.647     0.999512        94111      2048.00
   25755.647     0.999561        94111      2275.56
   25755.647     0.999609        94111      2560.00
   25772.031     0.999658        94135      2925.71
   25772.031     0.999707        94135      3413.33
   25772.031     0.999756        94135      4096.00
   25772.031     0.999780        94135      4551.11
   25772.031     0.999805        94135      5120.00
   25772.031     0.999829        94135      5851.43
   25772.031     0.999854        94135      6826.67
   25772.031     0.999878        94135      8192.00
   25772.031     0.999890        94135      9102.22
   25788.415     0.999902        94145     10240.00
   25788.415     1.000000        94145          inf
#[Mean    =    14545.138, StdDeviation   =     6026.827]
#[Max     =    25772.032, Total count    =        94145]
#[Buckets =           27, SubBuckets     =         2048]
----------------------------------------------------------
  202903 requests in 30.00s, 36.55MB read
Requests/sec:   6762.57
Transfer/sec:      1.22MB
