Running 30s test @ http://localhost:8080/api/v1/books/random/1000
  4 threads and 256 connections
  Thread calibration: mean lat.: 4433.597ms, rate sampling interval: 16457ms
  Thread calibration: mean lat.: 4163.553ms, rate sampling interval: 15106ms
  Thread calibration: mean lat.: 4431.248ms, rate sampling interval: 16441ms
  Thread calibration: mean lat.: 4426.546ms, rate sampling interval: 16449ms
  Thread Stats   Avg      Stdev     Max   +/- Stdev
    Latency    18.57s     5.17s   27.87s    57.76%
    Req/Sec     2.12k     0.87     2.12k    75.00%
  Latency Distribution (HdrHistogram - Recorded Latency)
 50.000%   18.79s 
 75.000%   22.94s 
 90.000%   25.53s 
 99.000%   27.46s 
 99.900%   27.77s 
 99.990%   27.84s 
 99.999%   27.87s 
100.000%   27.89s 

  Detailed Percentile spectrum:
       Value   Percentile   TotalCount 1/(1-Percentile)

    8691.711     0.000000            6         1.00
   11419.647     0.100000        16546         1.11
   13074.431     0.200000        33043         1.25
   14991.359     0.300000        49554         1.43
   17055.743     0.400000        66070         1.67
   18792.447     0.500000        82523         2.00
   19726.335     0.550000        90860         2.22
   20561.919     0.600000        99139         2.50
   21364.735     0.650000       107311         2.86
   22151.167     0.700000       115656         3.33
   22937.599     0.750000       123922         4.00
   23314.431     0.775000       127881         4.44
   23756.799     0.800000       132133         5.00
   24166.399     0.825000       136152         5.71
   24608.767     0.850000       140347         6.67
   25067.519     0.875000       144424         8.00
   25296.895     0.887500       146488         8.89
   25526.271     0.900000       148574        10.00
   25788.415     0.912500       150636        11.43
   26066.943     0.925000       152724        13.33
   26312.703     0.937500       154695        16.00
   26443.775     0.943750       155770        17.78
   26574.847     0.950000       156825        20.00
   26705.919     0.956250       157841        22.86
   26853.375     0.962500       158945        26.67
   26968.063     0.968750       159904        32.00
   27033.599     0.971875       160376        35.56
   27115.519     0.975000       160985        40.00
   27181.055     0.978125       161465        45.71
   27246.591     0.981250       161936        53.33
   27328.511     0.984375       162536        64.00
   27361.279     0.985938       162771        71.11
   27394.047     0.987500       162989        80.00
   27426.815     0.989062       163215        91.43
   27475.967     0.990625       163517       106.67
   27525.119     0.992188       163800       128.00
   27541.503     0.992969       163880       142.22
   27574.271     0.993750       164055       160.00
   27590.655     0.994531       164132       182.86
   27623.423     0.995313       164297       213.33
   27639.807     0.996094       164381       256.00
   27656.191     0.996484       164461       284.44
   27672.575     0.996875       164537       320.00
   27688.959     0.997266       164606       365.71
   27705.343     0.997656       164675       426.67
   27721.727     0.998047       164733       512.00
   27721.727     0.998242       164733       568.89
   27738.111     0.998437       164794       640.00
   27738.111     0.998633       164794       731.43
   27754.495     0.998828       164837       853.33
   27770.879     0.999023       164882      1024.00
   27770.879     0.999121       164882      1137.78
   27770.879     0.999219       164882      1280.00
   27787.263     0.999316       164921      1462.86
   27787.263     0.999414       164921      1706.67
   27803.647     0.999512       164948      2048.00
   27803.647     0.999561       164948      2275.56
   27803.647     0.999609       164948      2560.00
   27803.647     0.999658       164948      2925.71
   27820.031     0.999707       164976      3413.33
   27820.031     0.999756       164976      4096.00
   27820.031     0.999780       164976      4551.11
   27820.031     0.999805       164976      5120.00
   27820.031     0.999829       164976      5851.43
   27836.415     0.999854       164990      6826.67
   27836.415     0.999878       164990      8192.00
   27836.415     0.999890       164990      9102.22
   27836.415     0.999902       164990     10240.00
   27836.415     0.999915       164990     11702.86
   27852.799     0.999927       164999     13653.33
   27852.799     0.999939       164999     16384.00
   27852.799     0.999945       164999     18204.44
   27852.799     0.999951       164999     20480.00
   27852.799     0.999957       164999     23405.71
   27852.799     0.999963       164999     27306.67
   27852.799     0.999969       164999     32768.00
   27869.183     0.999973       165003     36408.89
   27869.183     0.999976       165003     40960.00
   27869.183     0.999979       165003     46811.43
   27869.183     0.999982       165003     54613.33
   27869.183     0.999985       165003     65536.00
   27869.183     0.999986       165003     72817.78
   27869.183     0.999988       165003     81920.00
   27869.183     0.999989       165003     93622.86
   27869.183     0.999991       165003    109226.67
   27869.183     0.999992       165003    131072.00
   27869.183     0.999993       165003    145635.56
   27869.183     0.999994       165003    163840.00
   27885.567     0.999995       165004    187245.71
   27885.567     1.000000       165004          inf
#[Mean    =    18572.436, StdDeviation   =     5165.287]
#[Max     =    27869.184, Total count    =       165004]
#[Buckets =           27, SubBuckets     =         2048]
----------------------------------------------------------
  248388 requests in 30.00s, 44.75MB read
Requests/sec:   8279.17
Transfer/sec:      1.49MB
