Running 30s test @ http://localhost:8080/api/v1/books/random/1000
  4 threads and 256 connections
  Thread calibration: mean lat.: 2690.920ms, rate sampling interval: 12541ms
  Thread calibration: mean lat.: 3620.268ms, rate sampling interval: 12935ms
  Thread calibration: mean lat.: 3601.185ms, rate sampling interval: 12918ms
  Thread calibration: mean lat.: 3597.331ms, rate sampling interval: 12910ms
  Thread Stats   Avg      Stdev     Max   +/- Stdev
    Latency    14.68s     4.32s   21.97s    56.64%
    Req/Sec     2.40k     6.06     2.41k    75.00%
  Latency Distribution (HdrHistogram - Recorded Latency)
 50.000%   14.65s 
 75.000%   18.55s 
 90.000%   20.51s 
 99.000%   21.77s 
 99.900%   21.91s 
 99.990%   21.95s 
 99.999%   21.97s 
100.000%   21.99s 

  Detailed Percentile spectrum:
       Value   Percentile   TotalCount 1/(1-Percentile)

    7090.175     0.000000            1         1.00
    8765.439     0.100000        19630         1.11
   10199.039     0.200000        39191         1.25
   11542.527     0.300000        58800         1.43
   13082.623     0.400000        78354         1.67
   14647.295     0.500000        97902         2.00
   15556.607     0.550000       107745         2.22
   16367.615     0.600000       117499         2.50
   17219.583     0.650000       127428         2.86
   17858.559     0.700000       137207         3.33
   18546.687     0.750000       146952         4.00
   18972.671     0.775000       151783         4.44
   19267.583     0.800000       156894         5.00
   19546.111     0.825000       161639         5.71
   19890.175     0.850000       166457         6.67
   20201.471     0.875000       171432         8.00
   20365.311     0.887500       173971         8.89
   20512.767     0.900000       176291        10.00
   20676.607     0.912500       178674        11.43
   20856.831     0.925000       181245        13.33
   21020.671     0.937500       183772        16.00
   21102.591     0.943750       184784        17.78
   21200.895     0.950000       186105        20.00
   21282.815     0.956250       187245        22.86
   21381.119     0.962500       188501        26.67
   21495.807     0.968750       189855        32.00
   21528.575     0.971875       190301        35.56
   21577.727     0.975000       191074        40.00
   21610.495     0.978125       191574        45.71
   21659.647     0.981250       192251        53.33
   21708.799     0.984375       192959        64.00
   21725.183     0.985938       193198        71.11
   21741.567     0.987500       193435        80.00
   21757.951     0.989062       193669        91.43
   21790.719     0.990625       194151       106.67
   21807.103     0.992188       194383       128.00
   21823.487     0.992969       194599       142.22
   21823.487     0.993750       194599       160.00
   21839.871     0.994531       194814       182.86
   21856.255     0.995313       195047       213.33
   21856.255     0.996094       195047       256.00
   21872.639     0.996484       195275       284.44
   21872.639     0.996875       195275       320.00
   21872.639     0.997266       195275       365.71
   21889.023     0.997656       195483       426.67
   21889.023     0.998047       195483       512.00
   21889.023     0.998242       195483       568.89
   21905.407     0.998437       195621       640.00
   21905.407     0.998633       195621       731.43
   21905.407     0.998828       195621       853.33
   21905.407     0.999023       195621      1024.00
   21921.791     0.999121       195702      1137.78
   21921.791     0.999219       195702      1280.00
   21921.791     0.999316       195702      1462.86
   21921.791     0.999414       195702      1706.67
   21921.791     0.999512       195702      2048.00
   21938.175     0.999561       195756      2275.56
   21938.175     0.999609       195756      2560.00
   21938.175     0.999658       195756      2925.71
   21938.175     0.999707       195756      3413.33
   21938.175     0.999756       195756      4096.00
   21938.175     0.999780       195756      4551.11
   21954.559     0.999805       195785      5120.00
   21954.559     0.999829       195785      5851.43
   21954.559     0.999854       195785      6826.67
   21954.559     0.999878       195785      8192.00
   21954.559     0.999890       195785      9102.22
   21954.559     0.999902       195785     10240.00
   21954.559     0.999915       195785     11702.86
   21954.559     0.999927       195785     13653.33
   21954.559     0.999939       195785     16384.00
   21954.559     0.999945       195785     18204.44
   21970.943     0.999951       195794     20480.00
   21970.943     0.999957       195794     23405.71
   21970.943     0.999963       195794     27306.67
   21970.943     0.999969       195794     32768.00
   21970.943     0.999973       195794     36408.89
   21970.943     0.999976       195794     40960.00
   21970.943     0.999979       195794     46811.43
   21970.943     0.999982       195794     54613.33
   21970.943     0.999985       195794     65536.00
   21970.943     0.999986       195794     72817.78
   21970.943     0.999988       195794     81920.00
   21970.943     0.999989       195794     93622.86
   21970.943     0.999991       195794    109226.67
   21970.943     0.999992       195794    131072.00
   21970.943     0.999993       195794    145635.56
   21970.943     0.999994       195794    163840.00
   21970.943     0.999995       195794    187245.71
   21987.327     0.999995       195795    218453.33
   21987.327     1.000000       195795          inf
#[Mean    =    14676.469, StdDeviation   =     4317.170]
#[Max     =    21970.944, Total count    =       195795]
#[Buckets =           27, SubBuckets     =         2048]
----------------------------------------------------------
  291863 requests in 30.00s, 52.58MB read
Requests/sec:   9728.64
Transfer/sec:      1.75MB
