Running 30s test @ http://localhost:8080/api/v1/books/hello
  4 threads and 256 connections
  Thread calibration: mean lat.: 634.180ms, rate sampling interval: 4065ms
  Thread calibration: mean lat.: 504.818ms, rate sampling interval: 3110ms
  Thread calibration: mean lat.: 526.148ms, rate sampling interval: 3674ms
  Thread calibration: mean lat.: 700.786ms, rate sampling interval: 4427ms
  Thread Stats   Avg      Stdev     Max   +/- Stdev
    Latency     1.58s     2.10s    9.64s    85.11%
    Req/Sec    23.55k     1.95k   27.56k    68.42%
  Latency Distribution (HdrHistogram - Recorded Latency)
 50.000%  516.09ms
 75.000%    2.43s 
 90.000%    5.01s 
 99.000%    8.09s 
 99.900%    9.16s 
 99.990%    9.41s 
 99.999%    9.63s 
100.000%    9.65s 

  Detailed Percentile spectrum:
       Value   Percentile   TotalCount 1/(1-Percentile)

       0.073     0.000000            1         1.00
       1.074     0.100000       182616         1.11
       1.919     0.200000       365074         1.25
      10.263     0.300000       547671         1.43
     120.191     0.400000       730153         1.67
     516.095     0.500000       912682         2.00
     908.287     0.550000      1003959         2.22
    1283.071     0.600000      1095645         2.50
    1683.455     0.650000      1186603         2.86
    2105.343     0.700000      1278388         3.33
    2430.975     0.750000      1369010         4.00
    2707.455     0.775000      1414698         4.44
    3106.815     0.800000      1460595         5.00
    3338.239     0.825000      1505925         5.71
    3663.871     0.850000      1551698         6.67
    4239.359     0.875000      1597166         8.00
    4681.727     0.887500      1620011         8.89
    5009.407     0.900000      1643052        10.00
    5402.623     0.912500      1665737        11.43
    5758.975     0.925000      1688655        13.33
    6053.887     0.937500      1711381        16.00
    6205.439     0.943750      1723037        17.78
    6365.183     0.950000      1734134        20.00
    6533.119     0.956250      1745786        22.86
    6692.863     0.962500      1756974        26.67
    6942.719     0.968750      1768390        32.00
    7073.791     0.971875      1774084        35.56
    7196.671     0.975000      1779806        40.00
    7323.647     0.978125      1785491        45.71
    7438.335     0.981250      1791103        53.33
    7553.023     0.984375      1796930        64.00
    7667.711     0.985938      1799664        71.11
    7897.087     0.987500      1802522        80.00
    8044.543     0.989062      1805579        91.43
    8101.887     0.990625      1808229       106.67
    8278.015     0.992188      1811075       128.00
    8380.415     0.992969      1812519       142.22
    8462.335     0.993750      1813963       160.00
    8560.639     0.994531      1815426       182.86
    8642.559     0.995313      1816782       213.33
    8749.055     0.996094      1818214       256.00
    8798.207     0.996484      1818952       284.44
    8855.551     0.996875      1819623       320.00
    8888.319     0.997266      1820336       365.71
    8970.239     0.997656      1821064       426.67
    9035.775     0.998047      1821821       512.00
    9052.159     0.998242      1822210       568.89
    9060.351     0.998437      1822573       640.00
    9076.735     0.998633      1822862       731.43
    9125.887     0.998828      1823221       853.33
    9158.655     0.999023      1823552      1024.00
    9191.423     0.999121      1823763      1137.78
    9224.191     0.999219      1823921      1280.00
    9256.959     0.999316      1824104      1462.86
    9281.535     0.999414      1824289      1706.67
    9306.111     0.999512      1824580      2048.00
    9306.111     0.999561      1824580      2275.56
    9314.303     0.999609      1824670      2560.00
    9322.495     0.999658      1824751      2925.71
    9330.687     0.999707      1824858      3413.33
    9338.879     0.999756      1824903      4096.00
    9347.071     0.999780      1824938      4551.11
    9355.263     0.999805      1824980      5120.00
    9371.647     0.999829      1825053      5851.43
    9379.839     0.999854      1825100      6826.67
    9388.031     0.999878      1825123      8192.00
    9396.223     0.999890      1825131      9102.22
    9428.991     0.999902      1825149     10240.00
    9478.143     0.999915      1825173     11702.86
    9519.103     0.999927      1825199     13653.33
    9543.679     0.999939      1825217     16384.00
    9551.871     0.999945      1825228     18204.44
    9568.255     0.999951      1825241     20480.00
    9576.447     0.999957      1825268     23405.71
    9576.447     0.999963      1825268     27306.67
    9584.639     0.999969      1825282     32768.00
    9584.639     0.999973      1825282     36408.89
    9584.639     0.999976      1825282     40960.00
    9601.023     0.999979      1825297     46811.43
    9601.023     0.999982      1825297     54613.33
    9609.215     0.999985      1825300     65536.00
    9609.215     0.999986      1825300     72817.78
    9617.407     0.999988      1825306     81920.00
    9617.407     0.999989      1825306     93622.86
    9625.599     0.999991      1825310    109226.67
    9633.791     0.999992      1825315    131072.00
    9633.791     0.999993      1825315    145635.56
    9633.791     0.999994      1825315    163840.00
    9641.983     0.999995      1825321    187245.71
    9641.983     0.999995      1825321    218453.33
    9641.983     0.999996      1825321    262144.00
    9641.983     0.999997      1825321    291271.11
    9641.983     0.999997      1825321    327680.00
    9641.983     0.999997      1825321    374491.43
    9641.983     0.999998      1825321    436906.67
    9650.175     0.999998      1825325    524288.00
    9650.175     1.000000      1825325          inf
#[Mean    =     1579.379, StdDeviation   =     2099.593]
#[Max     =     9641.984, Total count    =      1825325]
#[Buckets =           27, SubBuckets     =         2048]
----------------------------------------------------------
  2676487 requests in 30.00s, 260.35MB read
Requests/sec:  89217.71
Transfer/sec:      8.68MB
