Running 30s test @ http://localhost:8080/api/v1/books/random/rows/1000/
  4 threads and 256 connections
  Thread calibration: mean lat.: 3916.754ms, rate sampling interval: 16629ms
  Thread calibration: mean lat.: 3869.056ms, rate sampling interval: 16678ms
  Thread calibration: mean lat.: 3969.033ms, rate sampling interval: 16809ms
  Thread calibration: mean lat.: 3852.191ms, rate sampling interval: 15597ms
  Thread Stats   Avg      Stdev     Max   +/- Stdev
    Latency    19.17s     5.58s   28.39s    56.23%
    Req/Sec     1.58k     6.50     1.59k    50.00%
  Latency Distribution (HdrHistogram - Recorded Latency)
 50.000%   19.55s 
 75.000%   24.10s 
 90.000%   26.49s 
 99.000%   27.97s 
 99.900%   28.21s 
 99.990%   28.33s 
 99.999%   28.41s 
100.000%   28.41s 

  Detailed Percentile spectrum:
       Value   Percentile   TotalCount 1/(1-Percentile)

    8773.631     0.000000            1         1.00
   11141.119     0.100000        13012         1.11
   13099.007     0.200000        25962         1.25
   15286.271     0.300000        38956         1.43
   17596.415     0.400000        51932         1.67
   19546.111     0.500000        64875         2.00
   20578.303     0.550000        71385         2.22
   21643.263     0.600000        77848         2.50
   22495.231     0.650000        84363         2.86
   23314.431     0.700000        90875         3.33
   24100.863     0.750000        97340         4.00
   24559.615     0.775000       100597         4.44
   24969.215     0.800000       103848         5.00
   25362.431     0.825000       107110         5.71
   25739.263     0.850000       110308         6.67
   26116.095     0.875000       113535         8.00
   26312.703     0.887500       115222         8.89
   26492.927     0.900000       116902        10.00
   26640.383     0.912500       118378        11.43
   26820.607     0.925000       120034        13.33
   27000.831     0.937500       121627        16.00
   27099.135     0.943750       122470        17.78
   27197.439     0.950000       123290        20.00
   27295.743     0.956250       124134        22.86
   27410.431     0.962500       124982        26.67
   27525.119     0.968750       125689        32.00
   27590.655     0.971875       126088        35.56
   27656.191     0.975000       126504        40.00
   27721.727     0.978125       126928        45.71
   27787.263     0.981250       127328        53.33
   27852.799     0.984375       127763        64.00
   27885.567     0.985938       127961        71.11
   27918.335     0.987500       128191        80.00
   27951.103     0.989062       128366        91.43
   27983.871     0.990625       128544       106.67
   28016.639     0.992188       128762       128.00
   28033.023     0.992969       128856       142.22
   28049.407     0.993750       128947       160.00
   28065.791     0.994531       129037       182.86
   28082.175     0.995313       129128       213.33
   28114.943     0.996094       129286       256.00
   28114.943     0.996484       129286       284.44
   28131.327     0.996875       129363       320.00
   28147.711     0.997266       129428       365.71
   28147.711     0.997656       129428       426.67
   28164.095     0.998047       129476       512.00
   28180.479     0.998242       129537       568.89
   28180.479     0.998437       129537       640.00
   28196.863     0.998633       129577       731.43
   28196.863     0.998828       129577       853.33
   28213.247     0.999023       129603      1024.00
   28229.631     0.999121       129629      1137.78
   28229.631     0.999219       129629      1280.00
   28246.015     0.999316       129650      1462.86
   28246.015     0.999414       129650      1706.67
   28262.399     0.999512       129671      2048.00
   28262.399     0.999561       129671      2275.56
   28278.783     0.999609       129689      2560.00
   28278.783     0.999658       129689      2925.71
   28278.783     0.999707       129689      3413.33
   28295.167     0.999756       129701      4096.00
   28295.167     0.999780       129701      4551.11
   28295.167     0.999805       129701      5120.00
   28311.551     0.999829       129710      5851.43
   28311.551     0.999854       129710      6826.67
   28311.551     0.999878       129710      8192.00
   28311.551     0.999890       129710      9102.22
   28327.935     0.999902       129718     10240.00
   28327.935     0.999915       129718     11702.86
   28327.935     0.999927       129718     13653.33
   28327.935     0.999939       129718     16384.00
   28327.935     0.999945       129718     18204.44
   28327.935     0.999951       129718     20480.00
   28344.319     0.999957       129719     23405.71
   28360.703     0.999963       129720     27306.67
   28393.471     0.999969       129722     32768.00
   28393.471     0.999973       129722     36408.89
   28393.471     0.999976       129722     40960.00
   28393.471     0.999979       129722     46811.43
   28393.471     0.999982       129722     54613.33
   28409.855     0.999985       129724     65536.00
   28409.855     1.000000       129724          inf
#[Mean    =    19170.308, StdDeviation   =     5580.237]
#[Max     =    28393.472, Total count    =       129724]
#[Buckets =           27, SubBuckets     =         2048]
----------------------------------------------------------
  198101 requests in 30.00s, 45.73MB read
Requests/sec:   6603.29
Transfer/sec:      1.52MB
