Running 30s test @ http://localhost:8080/api/v1/books/random/cached/rows/1000/
  4 threads and 256 connections
  Thread calibration: mean lat.: 471.280ms, rate sampling interval: 5144ms
  Thread calibration: mean lat.: 418.516ms, rate sampling interval: 4579ms
  Thread calibration: mean lat.: 468.013ms, rate sampling interval: 5079ms
  Thread calibration: mean lat.: 452.779ms, rate sampling interval: 4993ms
  Thread Stats   Avg      Stdev     Max   +/- Stdev
    Latency     5.75s   916.45ms   7.37s    64.35%
    Req/Sec     2.48k    55.09     2.57k    50.00%
  Latency Distribution (HdrHistogram - Recorded Latency)
 50.000%    6.00s 
 75.000%    6.44s 
 90.000%    6.82s 
 99.000%    7.14s 
 99.900%    7.28s 
 99.990%    7.34s 
 99.999%    7.36s 
100.000%    7.38s 

  Detailed Percentile spectrum:
       Value   Percentile   TotalCount 1/(1-Percentile)

    3352.575     0.000000            1         1.00
    4263.935     0.100000         9296         1.11
    4833.279     0.200000        18616         1.25
    5308.415     0.300000        27949         1.43
    5701.631     0.400000        37178         1.67
    6004.735     0.500000        46473         2.00
    6115.327     0.550000        51237         2.22
    6201.343     0.600000        55866         2.50
    6283.263     0.650000        60530         2.86
    6361.087     0.700000        65249         3.33
    6438.911     0.750000        69710         4.00
    6496.255     0.775000        72011         4.44
    6557.695     0.800000        74364         5.00
    6619.135     0.825000        76661         5.71
    6688.767     0.850000        79079         6.67
    6754.303     0.875000        81373         8.00
    6787.071     0.887500        82541         8.89
    6815.743     0.900000        83617        10.00
    6848.511     0.912500        84889        11.43
    6877.183     0.925000        85982        13.33
    6909.951     0.937500        87211        16.00
    6926.335     0.943750        87713        17.78
    6946.815     0.950000        88289        20.00
    6967.295     0.956250        88867        22.86
    6987.775     0.962500        89440        26.67
    7012.351     0.968750        90059        32.00
    7024.639     0.971875        90341        35.56
    7036.927     0.975000        90612        40.00
    7053.311     0.978125        90938        45.71
    7069.695     0.981250        91252        53.33
    7086.079     0.984375        91498        64.00
    7098.367     0.985938        91639        71.11
    7110.655     0.987500        91769        80.00
    7122.943     0.989062        91888        91.43
    7143.423     0.990625        92069       106.67
    7159.807     0.992188        92217       128.00
    7163.903     0.992969        92252       142.22
    7172.095     0.993750        92339       160.00
    7184.383     0.994531        92428       182.86
    7192.575     0.995313        92478       213.33
    7204.863     0.996094        92554       256.00
    7208.959     0.996484        92580       284.44
    7217.151     0.996875        92629       320.00
    7221.247     0.997266        92660       365.71
    7229.439     0.997656        92695       426.67
    7237.631     0.998047        92731       512.00
    7245.823     0.998242        92752       568.89
    7254.015     0.998437        92763       640.00
    7266.303     0.998633        92781       731.43
    7274.495     0.998828        92800       853.33
    7286.783     0.999023        92816      1024.00
    7294.975     0.999121        92828      1137.78
    7299.071     0.999219        92837      1280.00
    7303.167     0.999316        92844      1462.86
    7311.359     0.999414        92857      1706.67
    7315.455     0.999512        92863      2048.00
    7319.551     0.999561        92865      2275.56
    7323.647     0.999609        92876      2560.00
    7323.647     0.999658        92876      2925.71
    7327.743     0.999707        92880      3413.33
    7331.839     0.999756        92887      4096.00
    7331.839     0.999780        92887      4551.11
    7331.839     0.999805        92887      5120.00
    7340.031     0.999829        92893      5851.43
    7340.031     0.999854        92893      6826.67
    7340.031     0.999878        92893      8192.00
    7344.127     0.999890        92896      9102.22
    7344.127     0.999902        92896     10240.00
    7348.223     0.999915        92899     11702.86
    7348.223     0.999927        92899     13653.33
    7348.223     0.999939        92899     16384.00
    7348.223     0.999945        92899     18204.44
    7352.319     0.999951        92900     20480.00
    7356.415     0.999957        92901     23405.71
    7356.415     0.999963        92901     27306.67
    7360.511     0.999969        92903     32768.00
    7360.511     0.999973        92903     36408.89
    7360.511     0.999976        92903     40960.00
    7360.511     0.999979        92903     46811.43
    7360.511     0.999982        92903     54613.33
    7360.511     0.999985        92903     65536.00
    7360.511     0.999986        92903     72817.78
    7360.511     0.999988        92903     81920.00
    7376.895     0.999989        92904     93622.86
    7376.895     1.000000        92904          inf
#[Mean    =     5749.025, StdDeviation   =      916.448]
#[Max     =     7372.800, Total count    =        92904]
#[Buckets =           27, SubBuckets     =         2048]
----------------------------------------------------------
  211504 requests in 18.36s, 48.83MB read
Requests/sec:  11519.73
Transfer/sec:      2.66MB
