Running 30s test @ http://localhost:8080/api/v1/books/random/rows/1000/
  4 threads and 256 connections
  Thread calibration: mean lat.: 3611.489ms, rate sampling interval: 14893ms
  Thread calibration: mean lat.: 3602.940ms, rate sampling interval: 14950ms
  Thread calibration: mean lat.: 2647.892ms, rate sampling interval: 14688ms
  Thread calibration: mean lat.: 3649.848ms, rate sampling interval: 14950ms
  Thread Stats   Avg      Stdev     Max   +/- Stdev
    Latency    17.52s     4.99s   25.90s    58.54%
    Req/Sec     1.31k     5.07     1.32k    75.00%
  Latency Distribution (HdrHistogram - Recorded Latency)
 50.000%   17.97s 
 75.000%   21.92s 
 90.000%   24.02s 
 99.000%   25.17s 
 99.900%   25.53s 
 99.990%   25.69s 
 99.999%   25.80s 
100.000%   25.92s 

  Detailed Percentile spectrum:
       Value   Percentile   TotalCount 1/(1-Percentile)

    8003.583     0.000000            1         1.00
    9969.663     0.100000        11201         1.11
   12279.807     0.200000        22348         1.25
   14532.607     0.300000        33517         1.43
   16228.351     0.400000        44682         1.67
   17973.247     0.500000        55847         2.00
   18907.135     0.550000        61507         2.22
   19726.335     0.600000        67120         2.50
   20529.151     0.650000        72712         2.86
   21233.663     0.700000        78327         3.33
   21921.791     0.750000        83800         4.00
   22233.087     0.775000        86645         4.44
   22527.999     0.800000        89429         5.00
   22822.911     0.825000        92225         5.71
   23166.975     0.850000        95018         6.67
   23576.575     0.875000        97742         8.00
   23822.335     0.887500        99196         8.89
   24018.943     0.900000       100550        10.00
   24199.167     0.912500       102041        11.43
   24363.007     0.925000       103397        13.33
   24510.463     0.937500       104731        16.00
   24592.383     0.943750       105422        17.78
   24674.303     0.950000       106193        20.00
   24739.839     0.956250       106844        22.86
   24805.375     0.962500       107543        26.67
   24887.295     0.968750       108317        32.00
   24920.063     0.971875       108662        35.56
   24952.831     0.975000       109012        40.00
   24985.599     0.978125       109323        45.71
   25018.367     0.981250       109615        53.33
   25067.519     0.984375       110020        64.00
   25083.903     0.985938       110124        71.11
   25116.671     0.987500       110350        80.00
   25149.439     0.989062       110531        91.43
   25182.207     0.990625       110707       106.67
   25214.975     0.992188       110868       128.00
   25231.359     0.992969       110950       142.22
   25247.743     0.993750       111030       160.00
   25264.127     0.994531       111081       182.86
   25296.895     0.995313       111195       213.33
   25329.663     0.996094       111274       256.00
   25346.047     0.996484       111304       284.44
   25378.815     0.996875       111367       320.00
   25395.199     0.997266       111404       365.71
   25411.583     0.997656       111426       426.67
   25460.735     0.998047       111485       512.00
   25460.735     0.998242       111485       568.89
   25477.119     0.998437       111519       640.00
   25493.503     0.998633       111548       731.43
   25509.887     0.998828       111568       853.33
   25526.271     0.999023       111578      1024.00
   25542.655     0.999121       111604      1137.78
   25542.655     0.999219       111604      1280.00
   25559.039     0.999316       111613      1462.86
   25575.423     0.999414       111626      1706.67
   25591.807     0.999512       111629      2048.00
   25608.191     0.999561       111645      2275.56
   25608.191     0.999609       111645      2560.00
   25608.191     0.999658       111645      2925.71
   25624.575     0.999707       111653      3413.33
   25640.959     0.999756       111656      4096.00
   25657.343     0.999780       111658      4551.11
   25673.727     0.999805       111668      5120.00
   25673.727     0.999829       111668      5851.43
   25673.727     0.999854       111668      6826.67
   25673.727     0.999878       111668      8192.00
   25690.111     0.999890       111671      9102.22
   25690.111     0.999902       111671     10240.00
   25722.879     0.999915       111677     11702.86
   25722.879     0.999927       111677     13653.33
   25722.879     0.999939       111677     16384.00
   25722.879     0.999945       111677     18204.44
   25722.879     0.999951       111677     20480.00
   25722.879     0.999957       111677     23405.71
   25722.879     0.999963       111677     27306.67
   25739.263     0.999969       111678     32768.00
   25739.263     0.999973       111678     36408.89
   25772.031     0.999976       111679     40960.00
   25772.031     0.999979       111679     46811.43
   25772.031     0.999982       111679     54613.33
   25804.799     0.999985       111680     65536.00
   25804.799     0.999986       111680     72817.78
   25804.799     0.999988       111680     81920.00
   25804.799     0.999989       111680     93622.86
   25804.799     0.999991       111680    109226.67
   25919.487     0.999992       111681    131072.00
   25919.487     1.000000       111681          inf
#[Mean    =    17521.917, StdDeviation   =     4990.084]
#[Max     =    25903.104, Total count    =       111681]
#[Buckets =           27, SubBuckets     =         2048]
----------------------------------------------------------
  160718 requests in 30.00s, 37.10MB read
Requests/sec:   5356.79
Transfer/sec:      1.24MB
