Running 30s test @ http://localhost:8080/api/v1/books/random/rows/1000/
  4 threads and 256 connections
  Thread calibration: mean lat.: 3758.760ms, rate sampling interval: 14262ms
  Thread calibration: mean lat.: 3708.729ms, rate sampling interval: 14172ms
  Thread calibration: mean lat.: 3548.562ms, rate sampling interval: 13172ms
  Thread calibration: mean lat.: 3750.093ms, rate sampling interval: 14155ms
  Thread Stats   Avg      Stdev     Max   +/- Stdev
    Latency    15.73s     4.46s   24.00s    59.05%
    Req/Sec     1.58k     8.99     1.59k    75.00%
  Latency Distribution (HdrHistogram - Recorded Latency)
 50.000%   15.90s 
 75.000%   19.64s 
 90.000%   21.87s 
 99.000%   23.20s 
 99.900%   23.58s 
 99.990%   23.77s 
 99.999%   24.02s 
100.000%   24.02s 

  Detailed Percentile spectrum:
       Value   Percentile   TotalCount 1/(1-Percentile)

    6934.527     0.000000            1         1.00
    9510.911     0.100000        12695         1.11
   11296.767     0.200000        25403         1.25
   12656.639     0.300000        38034         1.43
   14221.311     0.400000        50721         1.67
   15900.671     0.500000        63422         2.00
   16605.183     0.550000        69790         2.22
   17268.735     0.600000        76088         2.50
   18006.015     0.650000        82395         2.86
   18857.983     0.700000        88857         3.33
   19644.415     0.750000        95172         4.00
   20004.863     0.775000        98331         4.44
   20365.311     0.800000       101527         5.00
   20742.143     0.825000       104636         5.71
   21118.975     0.850000       107760         6.67
   21512.191     0.875000       110914         8.00
   21708.799     0.887500       112610         8.89
   21872.639     0.900000       114086        10.00
   22036.479     0.912500       115693        11.43
   22200.319     0.925000       117262        13.33
   22364.159     0.937500       118987        16.00
   22446.079     0.943750       119735        17.78
   22527.999     0.950000       120448        20.00
   22609.919     0.956250       121226        22.86
   22691.839     0.962500       122010        26.67
   22790.143     0.968750       122826        32.00
   22839.295     0.971875       123209        35.56
   22888.447     0.975000       123596        40.00
   22953.983     0.978125       124053        45.71
   23019.519     0.981250       124444        53.33
   23085.055     0.984375       124853        64.00
   23117.823     0.985938       125053        71.11
   23150.591     0.987500       125236        80.00
   23183.359     0.989062       125413        91.43
   23216.127     0.990625       125578       106.67
   23281.663     0.992188       125837       128.00
   23298.047     0.992969       125882       142.22
   23330.815     0.993750       125995       160.00
   23363.583     0.994531       126109       182.86
   23379.967     0.995313       126170       213.33
   23412.735     0.996094       126299       256.00
   23429.119     0.996484       126342       284.44
   23445.503     0.996875       126397       320.00
   23461.887     0.997266       126446       365.71
   23478.271     0.997656       126476       426.67
   23494.655     0.998047       126523       512.00
   23511.039     0.998242       126541       568.89
   23527.423     0.998437       126565       640.00
   23543.807     0.998633       126594       731.43
   23560.191     0.998828       126624       853.33
   23576.575     0.999023       126651      1024.00
   23576.575     0.999121       126651      1137.78
   23592.959     0.999219       126664      1280.00
   23609.343     0.999316       126679      1462.86
   23625.727     0.999414       126685      1706.67
   23658.495     0.999512       126703      2048.00
   23658.495     0.999561       126703      2275.56
   23674.879     0.999609       126714      2560.00
   23691.263     0.999658       126722      2925.71
   23691.263     0.999707       126722      3413.33
   23724.031     0.999756       126729      4096.00
   23740.415     0.999780       126736      4551.11
   23740.415     0.999805       126736      5120.00
   23756.799     0.999829       126741      5851.43
   23756.799     0.999854       126741      6826.67
   23773.183     0.999878       126745      8192.00
   23773.183     0.999890       126745      9102.22
   23789.567     0.999902       126746     10240.00
   23805.951     0.999915       126748     11702.86
   23822.335     0.999927       126749     13653.33
   23887.871     0.999939       126751     16384.00
   23904.255     0.999945       126752     18204.44
   23904.255     0.999951       126752     20480.00
   23937.023     0.999957       126754     23405.71
   23937.023     0.999963       126754     27306.67
   23953.407     0.999969       126755     32768.00
   23953.407     0.999973       126755     36408.89
   23953.407     0.999976       126755     40960.00
   24018.943     0.999979       126758     46811.43
   24018.943     1.000000       126758          inf
#[Mean    =    15731.488, StdDeviation   =     4459.194]
#[Max     =    24002.560, Total count    =       126758]
#[Buckets =           27, SubBuckets     =         2048]
----------------------------------------------------------
  193570 requests in 30.00s, 44.69MB read
Requests/sec:   6452.43
Transfer/sec:      1.49MB
