Running 30s test @ http://localhost:8080/api/v1/books/random/rows/1000/
  4 threads and 256 connections
  Thread calibration: mean lat.: 4095.984ms, rate sampling interval: 14835ms
  Thread calibration: mean lat.: 4124.897ms, rate sampling interval: 14934ms
  Thread calibration: mean lat.: 3476.167ms, rate sampling interval: 15310ms
  Thread calibration: mean lat.: 4118.870ms, rate sampling interval: 14835ms
  Thread Stats   Avg      Stdev     Max   +/- Stdev
    Latency    15.28s     4.15s   27.05s    61.32%
    Req/Sec     2.11k    21.40     2.13k    75.00%
  Latency Distribution (HdrHistogram - Recorded Latency)
 50.000%   15.18s 
 75.000%   18.46s 
 90.000%   20.51s 
 99.000%   25.80s 
 99.900%   26.64s 
 99.990%   26.90s 
 99.999%   27.00s 
100.000%   27.07s 

  Detailed Percentile spectrum:
       Value   Percentile   TotalCount 1/(1-Percentile)

    8216.575     0.000000            1         1.00
    9830.399     0.100000        13187         1.11
   11034.623     0.200000        26402         1.25
   12410.879     0.300000        39550         1.43
   13844.479     0.400000        52739         1.67
   15179.775     0.500000        65879         2.00
   15851.519     0.550000        72442         2.22
   16515.071     0.600000        79051         2.50
   17170.431     0.650000        85713         2.86
   17825.791     0.700000        92285         3.33
   18464.767     0.750000        98903         4.00
   18792.447     0.775000       102081         4.44
   19152.895     0.800000       105410         5.00
   19513.343     0.825000       108730         5.71
   19841.023     0.850000       112025         6.67
   20135.935     0.875000       115278         8.00
   20299.775     0.887500       116939         8.89
   20512.767     0.900000       118661        10.00
   20725.759     0.912500       120260        11.43
   20938.751     0.925000       121900        13.33
   21184.511     0.937500       123517        16.00
   21331.967     0.943750       124382        17.78
   21479.423     0.950000       125128        20.00
   21774.335     0.956250       125949        22.86
   22495.231     0.962500       126775        26.67
   23953.407     0.968750       127598        32.00
   24330.239     0.971875       128021        35.56
   24625.151     0.975000       128439        40.00
   24887.295     0.978125       128832        45.71
   25116.671     0.981250       129244        53.33
   25329.663     0.984375       129668        64.00
   25460.735     0.985938       129875        71.11
   25591.807     0.987500       130066        80.00
   25739.263     0.989062       130304        91.43
   25853.951     0.990625       130484       106.67
   25968.639     0.992188       130685       128.00
   26034.175     0.992969       130801       142.22
   26083.327     0.993750       130889       160.00
   26148.863     0.994531       131008       182.86
   26198.015     0.995313       131109       213.33
   26263.551     0.996094       131218       256.00
   26296.319     0.996484       131270       284.44
   26329.087     0.996875       131322       320.00
   26361.855     0.997266       131369       365.71
   26394.623     0.997656       131403       426.67
   26443.775     0.998047       131460       512.00
   26476.543     0.998242       131486       568.89
   26509.311     0.998437       131508       640.00
   26558.463     0.998633       131536       731.43
   26591.231     0.998828       131558       853.33
   26640.383     0.999023       131589      1024.00
   26656.767     0.999121       131598      1137.78
   26689.535     0.999219       131612      1280.00
   26705.919     0.999316       131623      1462.86
   26738.687     0.999414       131636      1706.67
   26771.455     0.999512       131650      2048.00
   26787.839     0.999561       131660      2275.56
   26787.839     0.999609       131660      2560.00
   26804.223     0.999658       131666      2925.71
   26820.607     0.999707       131674      3413.33
   26836.991     0.999756       131680      4096.00
   26853.375     0.999780       131685      4551.11
   26869.759     0.999805       131691      5120.00
   26869.759     0.999829       131691      5851.43
   26886.143     0.999854       131696      6826.67
   26886.143     0.999878       131696      8192.00
   26902.527     0.999890       131700      9102.22
   26902.527     0.999902       131700     10240.00
   26902.527     0.999915       131700     11702.86
   26918.911     0.999927       131704     13653.33
   26918.911     0.999939       131704     16384.00
   26918.911     0.999945       131704     18204.44
   26951.679     0.999951       131707     20480.00
   26951.679     0.999957       131707     23405.71
   26951.679     0.999963       131707     27306.67
   26951.679     0.999969       131707     32768.00
   26984.447     0.999973       131709     36408.89
   26984.447     0.999976       131709     40960.00
   26984.447     0.999979       131709     46811.43
   26984.447     0.999982       131709     54613.33
   26984.447     0.999985       131709     65536.00
   27000.831     0.999986       131710     72817.78
   27000.831     0.999988       131710     81920.00
   27000.831     0.999989       131710     93622.86
   27000.831     0.999991       131710    109226.67
   27000.831     0.999992       131710    131072.00
   27066.367     0.999993       131711    145635.56
   27066.367     1.000000       131711          inf
#[Mean    =    15278.344, StdDeviation   =     4153.666]
#[Max     =    27049.984, Total count    =       131711]
#[Buckets =           27, SubBuckets     =         2048]
----------------------------------------------------------
  214990 requests in 30.00s, 49.63MB read
  Socket errors: connect 0, read 0, write 0, timeout 34
Requests/sec:   7165.21
Transfer/sec:      1.65MB
