Running 30s test @ http://localhost:8080/api/v1/books/random/rows/1000/
  4 threads and 256 connections
  Thread calibration: mean lat.: 4702.576ms, rate sampling interval: 16146ms
  Thread calibration: mean lat.: 3792.186ms, rate sampling interval: 16465ms
  Thread calibration: mean lat.: 4687.477ms, rate sampling interval: 16113ms
  Thread calibration: mean lat.: 4681.893ms, rate sampling interval: 16056ms
  Thread Stats   Avg      Stdev     Max   +/- Stdev
    Latency    18.47s     5.24s   27.89s    58.17%
    Req/Sec     1.74k     3.90     1.74k    75.00%
  Latency Distribution (HdrHistogram - Recorded Latency)
 50.000%   18.38s 
 75.000%   23.09s 
 90.000%   25.67s 
 99.000%   27.13s 
 99.900%   27.69s 
 99.990%   27.85s 
 99.999%   27.89s 
100.000%   27.90s 

  Detailed Percentile spectrum:
       Value   Percentile   TotalCount 1/(1-Percentile)

    8699.903     0.000000            1         1.00
   11272.191     0.100000        14040         1.11
   13172.735     0.200000        28075         1.25
   14909.439     0.300000        42111         1.43
   16564.223     0.400000        56148         1.67
   18382.847     0.500000        70223         2.00
   19316.735     0.550000        77197         2.22
   20299.775     0.600000        84214         2.50
   21381.119     0.650000        91215         2.86
   22233.087     0.700000        98199         3.33
   23085.055     0.750000       105354         4.00
   23511.039     0.775000       108806         4.44
   23986.175     0.800000       112269         5.00
   24444.927     0.825000       115714         5.71
   24870.911     0.850000       119277         6.67
   25296.895     0.875000       122796         8.00
   25493.503     0.887500       124509         8.89
   25673.727     0.900000       126236        10.00
   25870.335     0.912500       128055        11.43
   26066.943     0.925000       129785        13.33
   26263.551     0.937500       131494        16.00
   26378.239     0.943750       132484        17.78
   26460.159     0.950000       133313        20.00
   26542.079     0.956250       134149        22.86
   26640.383     0.962500       135058        26.67
   26738.687     0.968750       135925        32.00
   26787.839     0.971875       136315        35.56
   26836.991     0.975000       136773        40.00
   26886.143     0.978125       137189        45.71
   26951.679     0.981250       137722        53.33
   27000.831     0.984375       138089        64.00
   27033.599     0.985938       138324        71.11
   27066.367     0.987500       138526        80.00
   27099.135     0.989062       138710        91.43
   27148.287     0.990625       138938       106.67
   27213.823     0.992188       139154       128.00
   27262.975     0.992969       139281       142.22
   27312.127     0.993750       139394       160.00
   27361.279     0.994531       139498       182.86
   27410.431     0.995313       139589       213.33
   27475.967     0.996094       139720       256.00
   27492.351     0.996484       139767       284.44
   27508.735     0.996875       139804       320.00
   27541.503     0.997266       139886       365.71
   27557.887     0.997656       139916       426.67
   27590.655     0.998047       139970       512.00
   27607.039     0.998242       140003       568.89
   27623.423     0.998437       140033       640.00
   27639.807     0.998633       140057       731.43
   27672.575     0.998828       140090       853.33
   27688.959     0.999023       140114      1024.00
   27705.343     0.999121       140142      1137.78
   27705.343     0.999219       140142      1280.00
   27721.727     0.999316       140165      1462.86
   27721.727     0.999414       140165      1706.67
   27738.111     0.999512       140183      2048.00
   27738.111     0.999561       140183      2275.56
   27754.495     0.999609       140194      2560.00
   27770.879     0.999658       140207      2925.71
   27770.879     0.999707       140207      3413.33
   27787.263     0.999756       140215      4096.00
   27787.263     0.999780       140215      4551.11
   27787.263     0.999805       140215      5120.00
   27820.031     0.999829       140222      5851.43
   27820.031     0.999854       140222      6826.67
   27836.415     0.999878       140226      8192.00
   27852.799     0.999890       140234      9102.22
   27852.799     0.999902       140234     10240.00
   27852.799     0.999915       140234     11702.86
   27852.799     0.999927       140234     13653.33
   27852.799     0.999939       140234     16384.00
   27885.567     0.999945       140241     18204.44
   27885.567     0.999951       140241     20480.00
   27885.567     0.999957       140241     23405.71
   27885.567     0.999963       140241     27306.67
   27885.567     0.999969       140241     32768.00
   27885.567     0.999973       140241     36408.89
   27885.567     0.999976       140241     40960.00
   27885.567     0.999979       140241     46811.43
   27885.567     0.999982       140241     54613.33
   27885.567     0.999985       140241     65536.00
   27885.567     0.999986       140241     72817.78
   27885.567     0.999988       140241     81920.00
   27885.567     0.999989       140241     93622.86
   27885.567     0.999991       140241    109226.67
   27885.567     0.999992       140241    131072.00
   27901.951     0.999993       140242    145635.56
   27901.951     1.000000       140242          inf
#[Mean    =    18467.788, StdDeviation   =     5237.539]
#[Max     =    27885.568, Total count    =       140242]
#[Buckets =           27, SubBuckets     =         2048]
----------------------------------------------------------
  197245 requests in 30.00s, 45.54MB read
Requests/sec:   6575.06
Transfer/sec:      1.52MB
