Running 30s test @ http://localhost:8080/api/v1/books/random/cached/rows/1000/
  4 threads and 256 connections
  Thread calibration: mean lat.: 757.544ms, rate sampling interval: 2805ms
  Thread calibration: mean lat.: 866.175ms, rate sampling interval: 3125ms
  Thread calibration: mean lat.: 957.431ms, rate sampling interval: 3405ms
  Thread calibration: mean lat.: 709.668ms, rate sampling interval: 2605ms
  Thread Stats   Avg      Stdev     Max   +/- Stdev
    Latency     8.27ms    6.25ms  67.39ms   78.43%
    Req/Sec     2.50k     5.38     2.52k    80.00%
  Latency Distribution (HdrHistogram - Recorded Latency)
 50.000%    6.94ms
 75.000%   10.85ms
 90.000%   15.67ms
 99.000%   30.90ms
 99.900%   51.36ms
 99.990%   64.70ms
 99.999%   67.01ms
100.000%   67.46ms

  Detailed Percentile spectrum:
       Value   Percentile   TotalCount 1/(1-Percentile)

       0.367     0.000000            1         1.00
       2.113     0.100000        19689         1.11
       3.293     0.200000        39362         1.25
       4.527     0.300000        59109         1.43
       5.715     0.400000        78715         1.67
       6.939     0.500000        98430         2.00
       7.583     0.550000       108292         2.22
       8.271     0.600000       118190         2.50
       9.023     0.650000       127973         2.86
       9.879     0.700000       137773         3.33
      10.847     0.750000       147605         4.00
      11.423     0.775000       152523         4.44
      12.039     0.800000       157430         5.00
      12.783     0.825000       162397         5.71
      13.583     0.850000       167266         6.67
      14.487     0.875000       172183         8.00
      15.039     0.887500       174643         8.89
      15.671     0.900000       177131        10.00
      16.399     0.912500       179562        11.43
      17.215     0.925000       182036        13.33
      18.159     0.937500       184488        16.00
      18.783     0.943750       185729        17.78
      19.567     0.950000       186960        20.00
      20.399     0.956250       188176        22.86
      21.391     0.962500       189407        26.67
      22.543     0.968750       190633        32.00
      23.279     0.971875       191246        35.56
      24.255     0.975000       191865        40.00
      25.263     0.978125       192477        45.71
      26.479     0.981250       193096        53.33
      27.615     0.984375       193707        64.00
      28.255     0.985938       194019        71.11
      29.039     0.987500       194323        80.00
      30.127     0.989062       194631        91.43
      31.391     0.990625       194940       106.67
      32.959     0.992188       195248       128.00
      33.759     0.992969       195399       142.22
      34.719     0.993750       195551       160.00
      35.679     0.994531       195706       182.86
      36.799     0.995313       195861       213.33
      38.591     0.996094       196012       256.00
      40.063     0.996484       196089       284.44
      41.279     0.996875       196169       320.00
      42.303     0.997266       196244       365.71
      43.679     0.997656       196320       426.67
      45.439     0.998047       196397       512.00
      47.359     0.998242       196435       568.89
      48.415     0.998437       196473       640.00
      49.183     0.998633       196513       731.43
      49.983     0.998828       196550       853.33
      51.647     0.999023       196588      1024.00
      52.959     0.999121       196608      1137.78
      54.015     0.999219       196627      1280.00
      54.943     0.999316       196648      1462.86
      55.807     0.999414       196665      1706.67
      57.023     0.999512       196684      2048.00
      57.407     0.999561       196694      2275.56
      57.663     0.999609       196705      2560.00
      57.919     0.999658       196713      2925.71
      58.303     0.999707       196723      3413.33
      58.687     0.999756       196732      4096.00
      59.071     0.999780       196737      4551.11
      60.287     0.999805       196742      5120.00
      61.247     0.999829       196747      5851.43
      62.239     0.999854       196753      6826.67
      63.391     0.999878       196756      8192.00
      64.543     0.999890       196759      9102.22
      64.735     0.999902       196762     10240.00
      64.927     0.999915       196764     11702.86
      65.215     0.999927       196766     13653.33
      65.375     0.999939       196768     16384.00
      65.663     0.999945       196770     18204.44
      65.727     0.999951       196771     20480.00
      65.791     0.999957       196772     23405.71
      66.047     0.999963       196773     27306.67
      66.239     0.999969       196774     32768.00
      66.495     0.999973       196775     36408.89
      66.687     0.999976       196776     40960.00
      66.687     0.999979       196776     46811.43
      66.815     0.999982       196777     54613.33
      66.815     0.999985       196777     65536.00
      67.007     0.999986       196778     72817.78
      67.007     0.999988       196778     81920.00
      67.007     0.999989       196778     93622.86
      67.199     0.999991       196779    109226.67
      67.199     0.999992       196779    131072.00
      67.199     0.999993       196779    145635.56
      67.199     0.999994       196779    163840.00
      67.199     0.999995       196779    187245.71
      67.455     0.999995       196780    218453.33
      67.455     1.000000       196780          inf
#[Mean    =        8.275, StdDeviation   =        6.254]
#[Max     =       67.392, Total count    =       196780]
#[Buckets =           27, SubBuckets     =         2048]
----------------------------------------------------------
  292134 requests in 30.01s, 67.44MB read
Requests/sec:   9735.86
Transfer/sec:      2.25MB
