Running 30s test @ http://localhost:8080/api/v1/books/random/rows/1000/
  4 threads and 256 connections
  Thread calibration: mean lat.: 3456.414ms, rate sampling interval: 15368ms
  Thread calibration: mean lat.: 4200.922ms, rate sampling interval: 15097ms
  Thread calibration: mean lat.: 4199.757ms, rate sampling interval: 15065ms
  Thread calibration: mean lat.: 4210.617ms, rate sampling interval: 15040ms
  Thread Stats   Avg      Stdev     Max   +/- Stdev
    Latency    17.02s     5.07s   26.17s    57.90%
    Req/Sec     1.81k     9.18     1.83k    50.00%
  Latency Distribution (HdrHistogram - Recorded Latency)
 50.000%   17.33s 
 75.000%   21.36s 
 90.000%   23.94s 
 99.000%   25.44s 
 99.900%   25.90s 
 99.990%   26.08s 
 99.999%   26.18s 
100.000%   26.18s 

  Detailed Percentile spectrum:
       Value   Percentile   TotalCount 1/(1-Percentile)

    7999.487     0.000000            1         1.00
   10027.007     0.100000        14378         1.11
   11689.983     0.200000        28715         1.25
   13271.039     0.300000        43068         1.43
   15335.423     0.400000        57430         1.67
   17334.271     0.500000        71881         2.00
   18186.239     0.550000        78984         2.22
   19005.439     0.600000        86145         2.50
   19759.103     0.650000        93290         2.86
   20545.535     0.700000       100507         3.33
   21364.735     0.750000       107655         4.00
   21774.335     0.775000       111287         4.44
   22200.319     0.800000       114934         5.00
   22724.607     0.825000       118424         5.71
   23199.743     0.850000       122097         6.67
   23576.575     0.875000       125666         8.00
   23756.799     0.887500       127462         8.89
   23937.023     0.900000       129263        10.00
   24117.247     0.912500       131024        11.43
   24313.855     0.925000       132876        13.33
   24494.079     0.937500       134614        16.00
   24592.383     0.943750       135452        17.78
   24707.071     0.950000       136449        20.00
   24821.759     0.956250       137358        22.86
   24936.447     0.962500       138247        26.67
   25034.751     0.968750       139036        32.00
   25100.287     0.971875       139558        35.56
   25149.439     0.975000       139970        40.00
   25214.975     0.978125       140467        45.71
   25264.127     0.981250       140838        53.33
   25329.663     0.984375       141331        64.00
   25362.431     0.985938       141563        71.11
   25395.199     0.987500       141794        80.00
   25427.967     0.989062       142001        91.43
   25460.735     0.990625       142192       106.67
   25509.887     0.992188       142444       128.00
   25526.271     0.992969       142525       142.22
   25559.039     0.993750       142656       160.00
   25591.807     0.994531       142766       182.86
   25624.575     0.995313       142858       213.33
   25673.727     0.996094       142973       256.00
   25706.495     0.996484       143049       284.44
   25722.879     0.996875       143088       320.00
   25755.647     0.997266       143157       365.71
   25788.415     0.997656       143206       426.67
   25821.183     0.998047       143262       512.00
   25837.567     0.998242       143294       568.89
   25853.951     0.998437       143312       640.00
   25870.335     0.998633       143336       731.43
   25886.719     0.998828       143359       853.33
   25903.103     0.999023       143381      1024.00
   25919.487     0.999121       143402      1137.78
   25935.871     0.999219       143419      1280.00
   25952.255     0.999316       143447      1462.86
   25952.255     0.999414       143447      1706.67
   25968.639     0.999512       143452      2048.00
   25985.023     0.999561       143461      2275.56
   26001.407     0.999609       143467      2560.00
   26017.791     0.999658       143485      2925.71
   26017.791     0.999707       143485      3413.33
   26017.791     0.999756       143485      4096.00
   26034.175     0.999780       143491      4551.11
   26050.559     0.999805       143497      5120.00
   26050.559     0.999829       143497      5851.43
   26066.943     0.999854       143499      6826.67
   26083.327     0.999878       143508      8192.00
   26083.327     0.999890       143508      9102.22
   26083.327     0.999902       143508     10240.00
   26083.327     0.999915       143508     11702.86
   26099.711     0.999927       143512     13653.33
   26099.711     0.999939       143512     16384.00
   26116.095     0.999945       143516     18204.44
   26116.095     0.999951       143516     20480.00
   26116.095     0.999957       143516     23405.71
   26116.095     0.999963       143516     27306.67
   26116.095     0.999969       143516     32768.00
   26148.863     0.999973       143518     36408.89
   26148.863     0.999976       143518     40960.00
   26148.863     0.999979       143518     46811.43
   26148.863     0.999982       143518     54613.33
   26148.863     0.999985       143518     65536.00
   26181.631     0.999986       143520     72817.78
   26181.631     1.000000       143520          inf
#[Mean    =    17024.475, StdDeviation   =     5067.790]
#[Max     =    26165.248, Total count    =       143520]
#[Buckets =           27, SubBuckets     =         2048]
----------------------------------------------------------
  217587 requests in 30.00s, 50.23MB read
Requests/sec:   7253.27
Transfer/sec:      1.67MB
