Running 30s test @ http://localhost:8080/api/v1/books/random/rows/1000/
  4 threads and 256 connections
  Thread calibration: mean lat.: 4120.652ms, rate sampling interval: 14794ms
  Thread calibration: mean lat.: 4131.430ms, rate sampling interval: 14811ms
  Thread calibration: mean lat.: 4160.501ms, rate sampling interval: 15818ms
  Thread calibration: mean lat.: 4125.402ms, rate sampling interval: 15794ms
  Thread Stats   Avg      Stdev     Max   +/- Stdev
    Latency    16.31s     4.52s   26.07s    63.60%
    Req/Sec     1.94k    40.60     1.98k    75.00%
  Latency Distribution (HdrHistogram - Recorded Latency)
 50.000%   16.27s 
 75.000%   19.61s 
 90.000%   22.87s 
 99.000%   25.26s 
 99.900%   25.76s 
 99.990%   25.95s 
 99.999%   26.08s 
100.000%   26.08s 

  Detailed Percentile spectrum:
       Value   Percentile   TotalCount 1/(1-Percentile)

    7983.103     0.000000            1         1.00
    9986.047     0.100000        14022         1.11
   11886.591     0.200000        27969         1.25
   13516.799     0.300000        41980         1.43
   14958.591     0.400000        55863         1.67
   16269.311     0.500000        69867         2.00
   16941.055     0.550000        76844         2.22
   17612.799     0.600000        83907         2.50
   18268.159     0.650000        90757         2.86
   18956.287     0.700000        97816         3.33
   19611.647     0.750000       104718         4.00
   19939.327     0.775000       108244         4.44
   20299.775     0.800000       111757         5.00
   20725.759     0.825000       115256         5.71
   21397.503     0.850000       118729         6.67
   22265.855     0.875000       122216         8.00
   22593.535     0.887500       124023         8.89
   22872.063     0.900000       125674        10.00
   23183.359     0.912500       127499        11.43
   23511.039     0.925000       129174        13.33
   23838.719     0.937500       130899        16.00
   24018.943     0.943750       131793        17.78
   24199.167     0.950000       132718        20.00
   24346.623     0.956250       133525        22.86
   24510.463     0.962500       134397        26.67
   24674.303     0.968750       135355        32.00
   24739.839     0.971875       135775        35.56
   24805.375     0.975000       136149        40.00
   24887.295     0.978125       136639        45.71
   24969.215     0.981250       137070        53.33
   25051.135     0.984375       137470        64.00
   25100.287     0.985938       137672        71.11
   25165.823     0.987500       137903        80.00
   25231.359     0.989062       138140        91.43
   25280.511     0.990625       138313       106.67
   25362.431     0.992188       138568       128.00
   25395.199     0.992969       138682       142.22
   25427.967     0.993750       138802       160.00
   25460.735     0.994531       138886       182.86
   25493.503     0.995313       138982       213.33
   25542.655     0.996094       139092       256.00
   25559.039     0.996484       139140       284.44
   25591.807     0.996875       139213       320.00
   25624.575     0.997266       139277       365.71
   25640.959     0.997656       139315       426.67
   25673.727     0.998047       139386       512.00
   25673.727     0.998242       139386       568.89
   25690.111     0.998437       139409       640.00
   25722.879     0.998633       139452       731.43
   25739.263     0.998828       139475       853.33
   25755.647     0.999023       139499      1024.00
   25755.647     0.999121       139499      1137.78
   25772.031     0.999219       139527      1280.00
   25772.031     0.999316       139527      1462.86
   25788.415     0.999414       139545      1706.67
   25804.799     0.999512       139559      2048.00
   25821.183     0.999561       139570      2275.56
   25821.183     0.999609       139570      2560.00
   25837.567     0.999658       139576      2925.71
   25853.951     0.999707       139583      3413.33
   25870.335     0.999756       139588      4096.00
   25886.719     0.999780       139594      4551.11
   25886.719     0.999805       139594      5120.00
   25903.103     0.999829       139598      5851.43
   25919.487     0.999854       139602      6826.67
   25935.871     0.999878       139605      8192.00
   25952.255     0.999890       139608      9102.22
   25952.255     0.999902       139608     10240.00
   25968.639     0.999915       139612     11702.86
   25968.639     0.999927       139612     13653.33
   25985.023     0.999939       139614     16384.00
   25985.023     0.999945       139614     18204.44
   26001.407     0.999951       139615     20480.00
   26017.791     0.999957       139616     23405.71
   26017.791     0.999963       139616     27306.67
   26034.175     0.999969       139617     32768.00
   26083.327     0.999973       139621     36408.89
   26083.327     1.000000       139621          inf
#[Mean    =    16312.679, StdDeviation   =     4520.128]
#[Max     =    26066.944, Total count    =       139621]
#[Buckets =           27, SubBuckets     =         2048]
----------------------------------------------------------
  202700 requests in 29.99s, 46.79MB read
Requests/sec:   6758.76
Transfer/sec:      1.56MB
