Running 30s test @ http://localhost:8080/api/v1/books/random/rows/1000/
  4 threads and 256 connections
  Thread calibration: mean lat.: 3915.678ms, rate sampling interval: 16039ms
  Thread calibration: mean lat.: 3907.233ms, rate sampling interval: 16048ms
  Thread calibration: mean lat.: 3921.105ms, rate sampling interval: 16080ms
  Thread calibration: mean lat.: 3886.502ms, rate sampling interval: 15048ms
  Thread Stats   Avg      Stdev     Max   +/- Stdev
    Latency    18.13s     5.03s   27.39s    58.09%
    Req/Sec     1.75k     7.92     1.76k    75.00%
  Latency Distribution (HdrHistogram - Recorded Latency)
 50.000%   18.38s 
 75.000%   22.38s 
 90.000%   24.99s 
 99.000%   26.69s 
 99.900%   27.02s 
 99.990%   27.13s 
 99.999%   27.41s 
100.000%   27.41s 

  Detailed Percentile spectrum:
       Value   Percentile   TotalCount 1/(1-Percentile)

    8413.183     0.000000            1         1.00
   11026.431     0.100000        13813         1.11
   12894.207     0.200000        27690         1.25
   14688.255     0.300000        41451         1.43
   16572.415     0.400000        55297         1.67
   18382.847     0.500000        69100         2.00
   19234.815     0.550000        76026         2.22
   20004.863     0.600000        82922         2.50
   20725.759     0.650000        89789         2.86
   21495.807     0.700000        96724         3.33
   22380.543     0.750000       103621         4.00
   22822.911     0.775000       107119         4.44
   23314.431     0.800000       110579         5.00
   23724.031     0.825000       114091         5.71
   24150.015     0.850000       117478         6.67
   24543.231     0.875000       120953         8.00
   24739.839     0.887500       122626         8.89
   24985.599     0.900000       124348        10.00
   25198.591     0.912500       126089        11.43
   25395.199     0.925000       127818        13.33
   25624.575     0.937500       129578        16.00
   25722.879     0.943750       130382        17.78
   25821.183     0.950000       131218        20.00
   25935.871     0.956250       132111        22.86
   26050.559     0.962500       132984        26.67
   26181.631     0.968750       133890        32.00
   26247.167     0.971875       134282        35.56
   26312.703     0.975000       134702        40.00
   26378.239     0.978125       135109        45.71
   26460.159     0.981250       135563        53.33
   26542.079     0.984375       136006        64.00
   26591.231     0.985938       136261        71.11
   26623.999     0.987500       136421        80.00
   26673.151     0.989062       136670        91.43
   26722.303     0.990625       136893       106.67
   26755.071     0.992188       137053       128.00
   26787.839     0.992969       137199       142.22
   26804.223     0.993750       137279       160.00
   26836.991     0.994531       137431       182.86
   26853.375     0.995313       137505       213.33
   26886.143     0.996094       137620       256.00
   26902.527     0.996484       137679       284.44
   26918.911     0.996875       137732       320.00
   26935.295     0.997266       137799       365.71
   26951.679     0.997656       137842       426.67
   26968.063     0.998047       137885       512.00
   26968.063     0.998242       137885       568.89
   26984.447     0.998437       137920       640.00
   27000.831     0.998633       137950       731.43
   27017.215     0.998828       137996       853.33
   27017.215     0.999023       137996      1024.00
   27033.599     0.999121       138022      1137.78
   27033.599     0.999219       138022      1280.00
   27049.983     0.999316       138046      1462.86
   27049.983     0.999414       138046      1706.67
   27066.367     0.999512       138067      2048.00
   27066.367     0.999561       138067      2275.56
   27082.751     0.999609       138077      2560.00
   27082.751     0.999658       138077      2925.71
   27099.135     0.999707       138089      3413.33
   27115.519     0.999756       138100      4096.00
   27115.519     0.999780       138100      4551.11
   27115.519     0.999805       138100      5120.00
   27131.903     0.999829       138112      5851.43
   27131.903     0.999854       138112      6826.67
   27131.903     0.999878       138112      8192.00
   27131.903     0.999890       138112      9102.22
   27131.903     0.999902       138112     10240.00
   27148.287     0.999915       138114     11702.86
   27148.287     0.999927       138114     13653.33
   27197.439     0.999939       138117     16384.00
   27197.439     0.999945       138117     18204.44
   27213.823     0.999951       138119     20480.00
   27213.823     0.999957       138119     23405.71
   27213.823     0.999963       138119     27306.67
   27312.127     0.999969       138120     32768.00
   27394.047     0.999973       138121     36408.89
   27394.047     0.999976       138121     40960.00
   27410.431     0.999979       138124     46811.43
   27410.431     1.000000       138124          inf
#[Mean    =    18126.718, StdDeviation   =     5027.588]
#[Max     =    27394.048, Total count    =       138124]
#[Buckets =           27, SubBuckets     =         2048]
----------------------------------------------------------
  200615 requests in 30.00s, 46.31MB read
Requests/sec:   6686.53
Transfer/sec:      1.54MB
