Running 30s test @ http://localhost:8080/api/v1/books/random/rows/1000/
  4 threads and 256 connections
  Thread calibration: mean lat.: 3562.760ms, rate sampling interval: 14041ms
  Thread calibration: mean lat.: 3501.212ms, rate sampling interval: 13959ms
  Thread calibration: mean lat.: 2397.812ms, rate sampling interval: 13639ms
  Thread calibration: mean lat.: 3573.987ms, rate sampling interval: 14032ms
  Thread Stats   Avg      Stdev     Max   +/- Stdev
    Latency    16.44s     4.77s   24.56s    57.25%
    Req/Sec     2.03k     2.45     2.03k    75.00%
  Latency Distribution (HdrHistogram - Recorded Latency)
 50.000%   16.77s 
 75.000%   20.56s 
 90.000%   22.86s 
 99.000%   24.20s 
 99.900%   24.41s 
 99.990%   24.53s 
 99.999%   24.56s 
100.000%   24.58s 

  Detailed Percentile spectrum:
       Value   Percentile   TotalCount 1/(1-Percentile)

    7827.455     0.000000            1         1.00
    9601.023     0.100000        16569         1.11
   11337.727     0.200000        33018         1.25
   13189.119     0.300000        49523         1.43
   15040.511     0.400000        66005         1.67
   16769.023     0.500000        82533         2.00
   17530.879     0.550000        90807         2.22
   18333.695     0.600000        99024         2.50
   19087.359     0.650000       107218         2.86
   19873.791     0.700000       115532         3.33
   20561.919     0.750000       123784         4.00
   20938.751     0.775000       127828         4.44
   21299.199     0.800000       132114         5.00
   21708.799     0.825000       136230         5.71
   22118.399     0.850000       140199         6.67
   22527.999     0.875000       144418         8.00
   22691.839     0.887500       146470         8.89
   22855.679     0.900000       148508        10.00
   23019.519     0.912500       150506        11.43
   23199.743     0.925000       152587        13.33
   23396.351     0.937500       154757        16.00
   23494.655     0.943750       155790        17.78
   23576.575     0.950000       156703        20.00
   23674.879     0.956250       157876        22.86
   23756.799     0.962500       158877        26.67
   23838.719     0.968750       159803        32.00
   23887.871     0.971875       160311        35.56
   23937.023     0.975000       160823        40.00
   24002.559     0.978125       161453        45.71
   24051.711     0.981250       161927        53.33
   24100.863     0.984375       162378        64.00
   24133.631     0.985938       162704        71.11
   24150.015     0.987500       162878        80.00
   24182.783     0.989062       163216        91.43
   24199.167     0.990625       163376       106.67
   24231.935     0.992188       163681       128.00
   24248.319     0.992969       163825       142.22
   24264.703     0.993750       163987       160.00
   24281.087     0.994531       164107       182.86
   24297.471     0.995313       164224       213.33
   24313.855     0.996094       164337       256.00
   24313.855     0.996484       164337       284.44
   24330.239     0.996875       164427       320.00
   24346.623     0.997266       164510       365.71
   24363.007     0.997656       164580       426.67
   24379.391     0.998047       164645       512.00
   24379.391     0.998242       164645       568.89
   24395.775     0.998437       164708       640.00
   24395.775     0.998633       164708       731.43
   24412.159     0.998828       164756       853.33
   24412.159     0.999023       164756      1024.00
   24428.543     0.999121       164797      1137.78
   24428.543     0.999219       164797      1280.00
   24444.927     0.999316       164831      1462.86
   24444.927     0.999414       164831      1706.67
   24461.311     0.999512       164855      2048.00
   24461.311     0.999561       164855      2275.56
   24461.311     0.999609       164855      2560.00
   24477.695     0.999658       164872      2925.71
   24477.695     0.999707       164872      3413.33
   24494.079     0.999756       164883      4096.00
   24494.079     0.999780       164883      4551.11
   24510.463     0.999805       164893      5120.00
   24510.463     0.999829       164893      5851.43
   24510.463     0.999854       164893      6826.67
   24526.847     0.999878       164903      8192.00
   24526.847     0.999890       164903      9102.22
   24526.847     0.999902       164903     10240.00
   24526.847     0.999915       164903     11702.86
   24543.231     0.999927       164910     13653.33
   24543.231     0.999939       164910     16384.00
   24543.231     0.999945       164910     18204.44
   24543.231     0.999951       164910     20480.00
   24543.231     0.999957       164910     23405.71
   24543.231     0.999963       164910     27306.67
   24559.615     0.999969       164914     32768.00
   24559.615     0.999973       164914     36408.89
   24559.615     0.999976       164914     40960.00
   24559.615     0.999979       164914     46811.43
   24559.615     0.999982       164914     54613.33
   24559.615     0.999985       164914     65536.00
   24559.615     0.999986       164914     72817.78
   24559.615     0.999988       164914     81920.00
   24575.999     0.999989       164916     93622.86
   24575.999     1.000000       164916          inf
#[Mean    =    16443.991, StdDeviation   =     4769.948]
#[Max     =    24559.616, Total count    =       164916]
#[Buckets =           27, SubBuckets     =         2048]
----------------------------------------------------------
  243841 requests in 30.00s, 56.29MB read
Requests/sec:   8128.25
Transfer/sec:      1.88MB
