Running 30s test @ http://localhost:8080/api/v1/books/random/cached/rows/1000/
  4 threads and 256 connections
  Thread calibration: mean lat.: 3750.144ms, rate sampling interval: 12877ms
  Thread calibration: mean lat.: 3728.267ms, rate sampling interval: 12787ms
  Thread calibration: mean lat.: 3772.649ms, rate sampling interval: 12853ms
  Thread calibration: mean lat.: 3612.473ms, rate sampling interval: 13475ms
  Thread Stats   Avg      Stdev     Max   +/- Stdev
    Latency    14.31s     3.89s   21.25s    59.51%
    Req/Sec     7.32k    43.13     7.38k    50.00%
  Latency Distribution (HdrHistogram - Recorded Latency)
 50.000%   14.34s 
 75.000%   17.68s 
 90.000%   19.64s 
 99.000%   20.69s 
 99.900%   21.04s 
 99.990%   21.14s 
 99.999%   21.23s 
100.000%   21.27s 

  Detailed Percentile spectrum:
       Value   Percentile   TotalCount 1/(1-Percentile)

    6836.223     0.000000            1         1.00
    8863.743     0.100000        59622         1.11
   10526.719     0.200000       118964         1.25
   11829.247     0.300000       178456         1.43
   13082.623     0.400000       237717         1.67
   14344.191     0.500000       297155         2.00
   14999.551     0.550000       327017         2.22
   15679.487     0.600000       356625         2.50
   16326.655     0.650000       386285         2.86
   16957.439     0.700000       416152         3.33
   17678.335     0.750000       445826         4.00
   18022.399     0.775000       461194         4.44
   18382.847     0.800000       475862         5.00
   18710.527     0.825000       490639         5.71
   19054.591     0.850000       505359         6.67
   19365.887     0.875000       520464         8.00
   19513.343     0.887500       528111         8.89
   19644.415     0.900000       534964        10.00
   19791.871     0.912500       543075        11.43
   19922.943     0.925000       550113        13.33
   20054.015     0.937500       557124        16.00
   20135.935     0.943750       561434        17.78
   20201.471     0.950000       564758        20.00
   20283.391     0.956250       568844        22.86
   20348.927     0.962500       572148        26.67
   20414.463     0.968750       575670        32.00
   20463.615     0.971875       578363        35.56
   20496.383     0.975000       580206        40.00
   20529.151     0.978125       581994        45.71
   20561.919     0.981250       583708        53.33
   20594.687     0.984375       585181        64.00
   20611.071     0.985938       585840        71.11
   20643.839     0.987500       587049        80.00
   20676.607     0.989062       588040        91.43
   20709.375     0.990625       588821       106.67
   20758.527     0.992188       589782       128.00
   20774.911     0.992969       590044       142.22
   20807.679     0.993750       590549       160.00
   20840.447     0.994531       591006       182.86
   20873.215     0.995313       591467       213.33
   20905.983     0.996094       591942       256.00
   20922.367     0.996484       592169       284.44
   20938.751     0.996875       592387       320.00
   20955.135     0.997266       592615       365.71
   20971.519     0.997656       592839       426.67
   20987.903     0.998047       593051       512.00
   21004.287     0.998242       593246       568.89
   21020.671     0.998437       593444       640.00
   21020.671     0.998633       593444       731.43
   21037.055     0.998828       593620       853.33
   21037.055     0.999023       593620      1024.00
   21053.439     0.999121       593763      1137.78
   21053.439     0.999219       593763      1280.00
   21069.823     0.999316       593889      1462.86
   21069.823     0.999414       593889      1706.67
   21069.823     0.999512       593889      2048.00
   21086.207     0.999561       593984      2275.56
   21086.207     0.999609       593984      2560.00
   21086.207     0.999658       593984      2925.71
   21102.591     0.999707       594053      3413.33
   21102.591     0.999756       594053      4096.00
   21102.591     0.999780       594053      4551.11
   21118.975     0.999805       594096      5120.00
   21118.975     0.999829       594096      5851.43
   21118.975     0.999854       594096      6826.67
   21135.359     0.999878       594129      8192.00
   21135.359     0.999890       594129      9102.22
   21135.359     0.999902       594129     10240.00
   21135.359     0.999915       594129     11702.86
   21151.743     0.999927       594149     13653.33
   21151.743     0.999939       594149     16384.00
   21151.743     0.999945       594149     18204.44
   21151.743     0.999951       594149     20480.00
   21168.127     0.999957       594157     23405.71
   21168.127     0.999963       594157     27306.67
   21184.511     0.999969       594162     32768.00
   21184.511     0.999973       594162     36408.89
   21200.895     0.999976       594167     40960.00
   21200.895     0.999979       594167     46811.43
   21217.279     0.999982       594170     54613.33
   21217.279     0.999985       594170     65536.00
   21217.279     0.999986       594170     72817.78
   21233.663     0.999988       594173     81920.00
   21233.663     0.999989       594173     93622.86
   21233.663     0.999991       594173    109226.67
   21250.047     0.999992       594176    131072.00
   21250.047     0.999993       594176    145635.56
   21250.047     0.999994       594176    163840.00
   21250.047     0.999995       594176    187245.71
   21250.047     0.999995       594176    218453.33
   21250.047     0.999996       594176    262144.00
   21250.047     0.999997       594176    291271.11
   21266.431     0.999997       594178    327680.00
   21266.431     1.000000       594178          inf
#[Mean    =    14313.560, StdDeviation   =     3886.971]
#[Max     =    21250.048, Total count    =       594178]
#[Buckets =           27, SubBuckets     =         2048]
----------------------------------------------------------
  844563 requests in 30.00s, 194.98MB read
Requests/sec:  28153.99
Transfer/sec:      6.50MB
