Running 30s test @ http://localhost:8080/api/v1/books/random/rows/1000/
  4 threads and 256 connections
  Thread calibration: mean lat.: 4568.129ms, rate sampling interval: 16171ms
  Thread calibration: mean lat.: 4073.252ms, rate sampling interval: 17137ms
  Thread calibration: mean lat.: 4626.185ms, rate sampling interval: 16162ms
  Thread calibration: mean lat.: 4649.887ms, rate sampling interval: 16203ms
  Thread Stats   Avg      Stdev     Max   +/- Stdev
    Latency    19.16s     5.32s   28.23s    59.75%
    Req/Sec     1.62k    13.12     1.65k    75.00%
  Latency Distribution (HdrHistogram - Recorded Latency)
 50.000%   19.78s 
 75.000%   23.76s 
 90.000%   26.03s 
 99.000%   27.43s 
 99.900%   28.03s 
 99.990%   28.15s 
 99.999%   28.25s 
100.000%   28.25s 

  Detailed Percentile spectrum:
       Value   Percentile   TotalCount 1/(1-Percentile)

    8798.207     0.000000            2         1.00
   11173.887     0.100000        13237         1.11
   13656.063     0.200000        26488         1.25
   15835.135     0.300000        39768         1.43
   18038.783     0.400000        52963         1.67
   19775.487     0.500000        66296         2.00
   20611.071     0.550000        72904         2.22
   21446.655     0.600000        79518         2.50
   22249.471     0.650000        86077         2.86
   23019.519     0.700000        92804         3.33
   23756.799     0.750000        99396         4.00
   24100.863     0.775000       102674         4.44
   24428.543     0.800000       105904         5.00
   24788.991     0.825000       109261         5.71
   25198.591     0.850000       112570         6.67
   25624.575     0.875000       115906         8.00
   25853.951     0.887500       117582         8.89
   26034.175     0.900000       119206        10.00
   26198.015     0.912500       120849        11.43
   26378.239     0.925000       122549        13.33
   26574.847     0.937500       124138        16.00
   26673.151     0.943750       125039        17.78
   26755.071     0.950000       125891        20.00
   26836.991     0.956250       126717        22.86
   26918.911     0.962500       127491        26.67
   27017.215     0.968750       128284        32.00
   27082.751     0.971875       128721        35.56
   27148.287     0.975000       129116        40.00
   27213.823     0.978125       129549        45.71
   27262.975     0.981250       129871        53.33
   27328.511     0.984375       130359        64.00
   27344.895     0.985938       130510        71.11
   27377.663     0.987500       130769        80.00
   27410.431     0.989062       130974        91.43
   27443.199     0.990625       131119       106.67
   27525.119     0.992188       131344       128.00
   27574.271     0.992969       131457       142.22
   27607.039     0.993750       131526       160.00
   27672.575     0.994531       131651       182.86
   27738.111     0.995313       131753       213.33
   27803.647     0.996094       131856       256.00
   27820.031     0.996484       131890       284.44
   27852.799     0.996875       131939       320.00
   27901.951     0.997266       132019       365.71
   27934.719     0.997656       132071       426.67
   27967.487     0.998047       132120       512.00
   27967.487     0.998242       132120       568.89
   27983.871     0.998437       132151       640.00
   28000.255     0.998633       132184       731.43
   28016.639     0.998828       132209       853.33
   28033.023     0.999023       132231      1024.00
   28049.407     0.999121       132252      1137.78
   28049.407     0.999219       132252      1280.00
   28065.791     0.999316       132273      1462.86
   28082.175     0.999414       132291      1706.67
   28082.175     0.999512       132291      2048.00
   28098.559     0.999561       132306      2275.56
   28098.559     0.999609       132306      2560.00
   28114.943     0.999658       132321      2925.71
   28114.943     0.999707       132321      3413.33
   28114.943     0.999756       132321      4096.00
   28131.327     0.999780       132333      4551.11
   28131.327     0.999805       132333      5120.00
   28131.327     0.999829       132333      5851.43
   28131.327     0.999854       132333      6826.67
   28147.711     0.999878       132340      8192.00
   28147.711     0.999890       132340      9102.22
   28147.711     0.999902       132340     10240.00
   28164.095     0.999915       132346     11702.86
   28164.095     0.999927       132346     13653.33
   28164.095     0.999939       132346     16384.00
   28164.095     0.999945       132346     18204.44
   28164.095     0.999951       132346     20480.00
   28180.479     0.999957       132349     23405.71
   28180.479     0.999963       132349     27306.67
   28180.479     0.999969       132349     32768.00
   28180.479     0.999973       132349     36408.89
   28180.479     0.999976       132349     40960.00
   28213.247     0.999979       132350     46811.43
   28213.247     0.999982       132350     54613.33
   28213.247     0.999985       132350     65536.00
   28246.015     0.999986       132352     72817.78
   28246.015     1.000000       132352          inf
#[Mean    =    19158.500, StdDeviation   =     5321.719]
#[Max     =    28229.632, Total count    =       132352]
#[Buckets =           27, SubBuckets     =         2048]
----------------------------------------------------------
  194613 requests in 30.00s, 44.93MB read
Requests/sec:   6487.68
Transfer/sec:      1.50MB
