Running 30s test @ http://localhost:8080/api/v1/books/hello
  4 threads and 256 connections
  Thread calibration: mean lat.: 561.141ms, rate sampling interval: 4235ms
  Thread calibration: mean lat.: 406.109ms, rate sampling interval: 3538ms
  Thread calibration: mean lat.: 469.786ms, rate sampling interval: 3506ms
  Thread calibration: mean lat.: 409.688ms, rate sampling interval: 3981ms
  Thread Stats   Avg      Stdev     Max   +/- Stdev
    Latency     4.07s     1.44s    9.58s    65.65%
    Req/Sec    17.38k     2.45k   22.92k    66.67%
  Latency Distribution (HdrHistogram - Recorded Latency)
 50.000%    3.98s 
 75.000%    5.15s 
 90.000%    6.07s 
 99.000%    7.20s 
 99.900%    8.84s 
 99.990%    9.46s 
 99.999%    9.56s 
100.000%    9.58s 

  Detailed Percentile spectrum:
       Value   Percentile   TotalCount 1/(1-Percentile)

       0.236     0.000000            1         1.00
    2297.855     0.100000       139593         1.11
    2785.279     0.200000       278964         1.25
    3164.159     0.300000       417908         1.43
    3569.663     0.400000       557326         1.67
    3975.167     0.500000       696489         2.00
    4186.111     0.550000       765848         2.22
    4403.199     0.600000       835579         2.50
    4628.479     0.650000       905331         2.86
    4890.623     0.700000       975114         3.33
    5152.767     0.750000      1044225         4.00
    5275.647     0.775000      1079544         4.44
    5398.527     0.800000      1113962         5.00
    5541.887     0.825000      1148399         5.71
    5705.727     0.850000      1183367         6.67
    5890.047     0.875000      1218172         8.00
    5976.063     0.887500      1235947         8.89
    6066.175     0.900000      1253488        10.00
    6156.287     0.912500      1270952        11.43
    6242.303     0.925000      1287832        13.33
    6361.087     0.937500      1305326        16.00
    6418.431     0.943750      1314064        17.78
    6479.871     0.950000      1322768        20.00
    6549.503     0.956250      1331465        22.86
    6627.327     0.962500      1340114        26.67
    6721.535     0.968750      1348733        32.00
    6770.687     0.971875      1352955        35.56
    6836.223     0.975000      1357431        40.00
    6909.951     0.978125      1361649        45.71
    6979.583     0.981250      1366059        53.33
    7049.215     0.984375      1370288        64.00
    7094.271     0.985938      1372631        71.11
    7139.327     0.987500      1374788        80.00
    7172.095     0.989062      1376878        91.43
    7217.151     0.990625      1378976       106.67
    7278.591     0.992188      1381134       128.00
    7307.263     0.992969      1382218       142.22
    7340.031     0.993750      1383390       160.00
    7380.991     0.994531      1384489       182.86
    7434.239     0.995313      1385527       213.33
    7495.679     0.996094      1386574       256.00
    7602.175     0.996484      1387111       284.44
    7741.439     0.996875      1387643       320.00
    7925.759     0.997266      1388186       365.71
    8032.255     0.997656      1388726       426.67
    8327.167     0.998047      1389272       512.00
    8445.951     0.998242      1389547       568.89
    8577.023     0.998437      1389841       640.00
    8658.943     0.998633      1390101       731.43
    8740.863     0.998828      1390362       853.33
    8847.359     0.999023      1390642      1024.00
    8921.087     0.999121      1390765      1137.78
    9003.007     0.999219      1390899      1280.00
    9117.695     0.999316      1391066      1462.86
    9134.079     0.999414      1391191      1706.67
    9158.655     0.999512      1391354      2048.00
    9175.039     0.999561      1391384      2275.56
    9215.999     0.999609      1391455      2560.00
    9265.151     0.999658      1391524      2925.71
    9297.919     0.999707      1391582      3413.33
    9314.303     0.999756      1391653      4096.00
    9338.879     0.999780      1391697      4551.11
    9355.263     0.999805      1391717      5120.00
    9396.223     0.999829      1391750      5851.43
    9428.991     0.999854      1391786      6826.67
    9445.375     0.999878      1391818      8192.00
    9453.567     0.999890      1391835      9102.22
    9461.759     0.999902      1391851     10240.00
    9469.951     0.999915      1391880     11702.86
    9478.143     0.999927      1391899     13653.33
    9486.335     0.999939      1391908     16384.00
    9494.527     0.999945      1391915     18204.44
    9502.719     0.999951      1391930     20480.00
    9502.719     0.999957      1391930     23405.71
    9510.911     0.999963      1391938     27306.67
    9527.295     0.999969      1391946     32768.00
    9535.487     0.999973      1391954     36408.89
    9535.487     0.999976      1391954     40960.00
    9543.679     0.999979      1391962     46811.43
    9543.679     0.999982      1391962     54613.33
    9551.871     0.999985      1391968     65536.00
    9551.871     0.999986      1391968     72817.78
    9560.063     0.999988      1391972     81920.00
    9560.063     0.999989      1391972     93622.86
    9568.255     0.999991      1391977    109226.67
    9568.255     0.999992      1391977    131072.00
    9568.255     0.999993      1391977    145635.56
    9576.447     0.999994      1391985    163840.00
    9576.447     0.999995      1391985    187245.71
    9576.447     0.999995      1391985    218453.33
    9576.447     0.999996      1391985    262144.00
    9576.447     0.999997      1391985    291271.11
    9576.447     0.999997      1391985    327680.00
    9576.447     0.999997      1391985    374491.43
    9576.447     0.999998      1391985    436906.67
    9576.447     0.999998      1391985    524288.00
    9576.447     0.999998      1391985    582542.22
    9576.447     0.999998      1391985    655360.00
    9576.447     0.999999      1391985    748982.86
    9576.447     0.999999      1391985    873813.33
    9576.447     0.999999      1391985   1048576.00
    9576.447     0.999999      1391985   1165084.44
    9576.447     0.999999      1391985   1310720.00
    9584.639     0.999999      1391986   1497965.71
    9584.639     1.000000      1391986          inf
#[Mean    =     4069.097, StdDeviation   =     1443.339]
#[Max     =     9576.448, Total count    =      1391986]
#[Buckets =           27, SubBuckets     =         2048]
----------------------------------------------------------
  1956569 requests in 30.00s, 255.99MB read
Requests/sec:  65222.28
Transfer/sec:      8.53MB
