Running 30s test @ http://localhost:8080/api/v1/books/hello
  4 threads and 256 connections
  Thread calibration: mean lat.: 860.334ms, rate sampling interval: 3205ms
  Thread calibration: mean lat.: 450.658ms, rate sampling interval: 1934ms
  Thread calibration: mean lat.: 264.391ms, rate sampling interval: 1323ms
  Thread calibration: mean lat.: 1109.185ms, rate sampling interval: 4263ms
  Thread Stats   Avg      Stdev     Max   +/- Stdev
    Latency     2.99s     1.72s    8.40s    61.51%
    Req/Sec    19.97k     3.95k   26.59k    64.71%
  Latency Distribution (HdrHistogram - Recorded Latency)
 50.000%    2.80s 
 75.000%    4.35s 
 90.000%    5.34s 
 99.000%    7.03s 
 99.900%    7.84s 
 99.990%    8.25s 
 99.999%    8.37s 
100.000%    8.41s 

  Detailed Percentile spectrum:
       Value   Percentile   TotalCount 1/(1-Percentile)

       0.112     0.000000            1         1.00
     772.095     0.100000       156029         1.11
    1318.911     0.200000       312169         1.25
    1852.415     0.300000       468124         1.43
    2336.767     0.400000       624230         1.67
    2803.711     0.500000       780312         2.00
    3057.663     0.550000       858022         2.22
    3366.911     0.600000       935762         2.50
    3686.399     0.650000      1014013         2.86
    4009.983     0.700000      1092091         3.33
    4345.855     0.750000      1170490         4.00
    4513.791     0.775000      1209660         4.44
    4669.439     0.800000      1248413         5.00
    4820.991     0.825000      1286795         5.71
    4980.735     0.850000      1325856         6.67
    5148.671     0.875000      1365082         8.00
    5238.783     0.887500      1384521         8.89
    5341.183     0.900000      1404273        10.00
    5443.583     0.912500      1423654        11.43
    5558.271     0.925000      1442827        13.33
    5701.631     0.937500      1462526        16.00
    5779.455     0.943750      1472012        17.78
    5873.663     0.950000      1481843        20.00
    5971.967     0.956250      1491548        22.86
    6111.231     0.962500      1501135        26.67
    6258.687     0.968750      1511079        32.00
    6336.511     0.971875      1515827        35.56
    6422.527     0.975000      1520607        40.00
    6541.311     0.978125      1525614        45.71
    6668.287     0.981250      1530436        53.33
    6787.071     0.984375      1535300        64.00
    6856.703     0.985938      1537725        71.11
    6918.143     0.987500      1540074        80.00
    6987.775     0.989062      1542562        91.43
    7069.695     0.990625      1545056       106.67
    7176.191     0.992188      1547420       128.00
    7233.535     0.992969      1548612       142.22
    7294.975     0.993750      1549823       160.00
    7376.895     0.994531      1551034       182.86
    7446.527     0.995313      1552254       213.33
    7528.447     0.996094      1553471       256.00
    7577.599     0.996484      1554122       284.44
    7614.463     0.996875      1554692       320.00
    7651.327     0.997266      1555319       365.71
    7700.479     0.997656      1555937       426.67
    7741.439     0.998047      1556516       512.00
    7761.919     0.998242      1556830       568.89
    7786.495     0.998437      1557166       640.00
    7806.975     0.998633      1557447       731.43
    7827.455     0.998828      1557775       853.33
    7843.839     0.999023      1558094      1024.00
    7852.031     0.999121      1558227      1137.78
    7864.319     0.999219      1558365      1280.00
    7884.799     0.999316      1558529      1462.86
    7905.279     0.999414      1558681      1706.67
    7938.047     0.999512      1558802      2048.00
    7958.527     0.999561      1558882      2275.56
    7983.103     0.999609      1558955      2560.00
    8015.871     0.999658      1559036      2925.71
    8052.735     0.999707      1559114      3413.33
    8110.079     0.999756      1559189      4096.00
    8163.327     0.999780      1559220      4551.11
    8179.711     0.999805      1559259      5120.00
    8191.999     0.999829      1559303      5851.43
    8208.383     0.999854      1559334      6826.67
    8237.055     0.999878      1559381      8192.00
    8241.151     0.999890      1559393      9102.22
    8249.343     0.999902      1559423     10240.00
    8253.439     0.999915      1559436     11702.86
    8265.727     0.999927      1559456     13653.33
    8269.823     0.999939      1559474     16384.00
    8273.919     0.999945      1559484     18204.44
    8278.015     0.999951      1559495     20480.00
    8282.111     0.999957      1559503     23405.71
    8286.207     0.999963      1559508     27306.67
    8298.495     0.999969      1559516     32768.00
    8310.783     0.999973      1559522     36408.89
    8314.879     0.999976      1559525     40960.00
    8323.071     0.999979      1559530     46811.43
    8327.167     0.999982      1559539     54613.33
    8327.167     0.999985      1559539     65536.00
    8331.263     0.999986      1559544     72817.78
    8331.263     0.999988      1559544     81920.00
    8368.127     0.999989      1559547     93622.86
    8376.319     0.999991      1559548    109226.67
    8384.511     0.999992      1559554    131072.00
    8384.511     0.999993      1559554    145635.56
    8384.511     0.999994      1559554    163840.00
    8384.511     0.999995      1559554    187245.71
    8396.799     0.999995      1559558    218453.33
    8396.799     0.999996      1559558    262144.00
    8396.799     0.999997      1559558    291271.11
    8396.799     0.999997      1559558    327680.00
    8396.799     0.999997      1559558    374491.43
    8404.991     0.999998      1559560    436906.67
    8404.991     0.999998      1559560    524288.00
    8404.991     0.999998      1559560    582542.22
    8404.991     0.999998      1559560    655360.00
    8404.991     0.999999      1559560    748982.86
    8413.183     0.999999      1559562    873813.33
    8413.183     1.000000      1559562          inf
#[Mean    =     2989.370, StdDeviation   =     1720.465]
#[Max     =     8404.992, Total count    =      1559562]
#[Buckets =           27, SubBuckets     =         2048]
----------------------------------------------------------
  2376187 requests in 29.99s, 310.89MB read
Requests/sec:  79223.26
Transfer/sec:     10.37MB
