Running 30s test @ http://localhost:8080/api/v1/books/random/cached/rows/1000/
  4 threads and 256 connections
  Thread calibration: mean lat.: 3668.119ms, rate sampling interval: 13262ms
  Thread calibration: mean lat.: 3683.199ms, rate sampling interval: 13328ms
  Thread calibration: mean lat.: 3584.710ms, rate sampling interval: 13066ms
  Thread calibration: mean lat.: 3616.724ms, rate sampling interval: 13197ms
  Thread Stats   Avg      Stdev     Max   +/- Stdev
    Latency    14.52s     4.48s   22.64s    56.49%
    Req/Sec     7.15k    99.88     7.22k    75.00%
  Latency Distribution (HdrHistogram - Recorded Latency)
 50.000%   13.78s 
 75.000%   18.79s 
 90.000%   20.99s 
 99.000%   22.32s 
 99.900%   22.51s 
 99.990%   22.61s 
 99.999%   22.64s 
100.000%   22.66s 

  Detailed Percentile spectrum:
       Value   Percentile   TotalCount 1/(1-Percentile)

    7184.383     0.000000            1         1.00
    8716.287     0.100000        55144         1.11
   10067.967     0.200000       110313         1.25
   11321.343     0.300000       165338         1.43
   12591.103     0.400000       220555         1.67
   13778.943     0.500000       275360         2.00
   14483.455     0.550000       303130         2.22
   15736.831     0.600000       330440         2.50
   16695.295     0.650000       357954         2.86
   17743.871     0.700000       385707         3.33
   18792.447     0.750000       413068         4.00
   19185.663     0.775000       426952         4.44
   19578.879     0.800000       440542         5.00
   19939.327     0.825000       454505         5.71
   20283.391     0.850000       468309         6.67
   20627.455     0.875000       482329         8.00
   20791.295     0.887500       488742         8.89
   20987.903     0.900000       495705        10.00
   21151.743     0.912500       502633        11.43
   21299.199     0.925000       509307        13.33
   21463.039     0.937500       516229        16.00
   21561.343     0.943750       519890        17.78
   21659.647     0.950000       523447        20.00
   21757.951     0.956250       526900        22.86
   21889.023     0.962500       530370        26.67
   22003.711     0.968750       533605        32.00
   22052.863     0.971875       535233        35.56
   22102.015     0.975000       537056        40.00
   22151.167     0.978125       538949        45.71
   22183.935     0.981250       540271        53.33
   22233.087     0.984375       542253        64.00
   22249.471     0.985938       542906        71.11
   22282.239     0.987500       544168        80.00
   22298.623     0.989062       544774        91.43
   22331.391     0.990625       545924       106.67
   22347.775     0.992188       546494       128.00
   22364.159     0.992969       547033       142.22
   22380.543     0.993750       547547       160.00
   22396.927     0.994531       548026       182.86
   22396.927     0.995313       548026       213.33
   22413.311     0.996094       548444       256.00
   22429.695     0.996484       548834       284.44
   22446.079     0.996875       549163       320.00
   22446.079     0.997266       549163       365.71
   22462.463     0.997656       549452       426.67
   22478.847     0.998047       549692       512.00
   22478.847     0.998242       549692       568.89
   22495.231     0.998437       549896       640.00
   22495.231     0.998633       549896       731.43
   22511.615     0.998828       550062       853.33
   22511.615     0.999023       550062      1024.00
   22527.999     0.999121       550206      1137.78
   22527.999     0.999219       550206      1280.00
   22544.383     0.999316       550324      1462.86
   22544.383     0.999414       550324      1706.67
   22560.767     0.999512       550411      2048.00
   22560.767     0.999561       550411      2275.56
   22560.767     0.999609       550411      2560.00
   22560.767     0.999658       550411      2925.71
   22577.151     0.999707       550487      3413.33
   22577.151     0.999756       550487      4096.00
   22577.151     0.999780       550487      4551.11
   22577.151     0.999805       550487      5120.00
   22593.535     0.999829       550538      5851.43
   22593.535     0.999854       550538      6826.67
   22593.535     0.999878       550538      8192.00
   22593.535     0.999890       550538      9102.22
   22609.919     0.999902       550571     10240.00
   22609.919     0.999915       550571     11702.86
   22609.919     0.999927       550571     13653.33
   22609.919     0.999939       550571     16384.00
   22609.919     0.999945       550571     18204.44
   22609.919     0.999951       550571     20480.00
   22609.919     0.999957       550571     23405.71
   22626.303     0.999963       550586     27306.67
   22626.303     0.999969       550586     32768.00
   22626.303     0.999973       550586     36408.89
   22626.303     0.999976       550586     40960.00
   22626.303     0.999979       550586     46811.43
   22626.303     0.999982       550586     54613.33
   22626.303     0.999985       550586     65536.00
   22642.687     0.999986       550593     72817.78
   22642.687     0.999988       550593     81920.00
   22642.687     0.999989       550593     93622.86
   22642.687     0.999991       550593    109226.67
   22642.687     0.999992       550593    131072.00
   22642.687     0.999993       550593    145635.56
   22642.687     0.999994       550593    163840.00
   22642.687     0.999995       550593    187245.71
   22642.687     0.999995       550593    218453.33
   22642.687     0.999996       550593    262144.00
   22642.687     0.999997       550593    291271.11
   22642.687     0.999997       550593    327680.00
   22642.687     0.999997       550593    374491.43
   22642.687     0.999998       550593    436906.67
   22642.687     0.999998       550593    524288.00
   22659.071     0.999998       550594    582542.22
   22659.071     1.000000       550594          inf
#[Mean    =    14517.303, StdDeviation   =     4475.798]
#[Max     =    22642.688, Total count    =       550594]
#[Buckets =           27, SubBuckets     =         2048]
----------------------------------------------------------
  885197 requests in 30.00s, 204.36MB read
Requests/sec:  29506.38
Transfer/sec:      6.81MB
