Running 30s test @ http://localhost:8080/api/v1/books/random/cached/rows/1000/
  4 threads and 256 connections
  Thread calibration: mean lat.: 3305.101ms, rate sampling interval: 11616ms
  Thread calibration: mean lat.: 3299.497ms, rate sampling interval: 11460ms
  Thread calibration: mean lat.: 3452.533ms, rate sampling interval: 11010ms
  Thread calibration: mean lat.: 3479.977ms, rate sampling interval: 11010ms
  Thread Stats   Avg      Stdev     Max   +/- Stdev
    Latency    11.50s     2.86s   16.78s    60.86%
    Req/Sec     6.99k    70.14     7.06k    75.00%
  Latency Distribution (HdrHistogram - Recorded Latency)
 50.000%   11.53s 
 75.000%   13.94s 
 90.000%   15.35s 
 99.000%   16.37s 
 99.900%   16.61s 
 99.990%   16.73s 
 99.999%   16.78s 
100.000%   16.79s 

  Detailed Percentile spectrum:
       Value   Percentile   TotalCount 1/(1-Percentile)

    5824.511     0.000000            1         1.00
    7446.527     0.100000        56364         1.11
    8749.055     0.200000       112873         1.25
    9691.135     0.300000       169019         1.43
   10592.255     0.400000       225433         1.67
   11534.335     0.500000       282131         2.00
   12050.431     0.550000       309841         2.22
   12550.143     0.600000       338258         2.50
   13066.239     0.650000       366507         2.86
   13508.607     0.700000       394670         3.33
   13942.783     0.750000       422926         4.00
   14147.583     0.775000       436611         4.44
   14368.767     0.800000       450715         5.00
   14622.719     0.825000       464865         5.71
   14884.863     0.850000       479125         6.67
   15114.239     0.875000       493021         8.00
   15237.119     0.887500       500323         8.89
   15351.807     0.900000       507326        10.00
   15466.495     0.912500       514262        11.43
   15589.375     0.925000       521543        13.33
   15712.255     0.937500       528356        16.00
   15777.791     0.943750       531814        17.78
   15851.519     0.950000       535585        20.00
   15917.055     0.956250       538883        22.86
   15982.591     0.962500       542350        26.67
   16056.319     0.968750       545911        32.00
   16097.279     0.971875       547818        35.56
   16130.047     0.975000       549293        40.00
   16171.007     0.978125       551106        45.71
   16220.159     0.981250       553049        53.33
   16269.311     0.984375       554831        64.00
   16293.887     0.985938       555642        71.11
   16318.463     0.987500       556412        80.00
   16351.231     0.989062       557400        91.43
   16375.807     0.990625       558084       106.67
   16408.575     0.992188       558983       128.00
   16424.959     0.992969       559400       142.22
   16449.535     0.993750       559992       160.00
   16465.919     0.994531       560355       182.86
   16482.303     0.995313       560730       213.33
   16506.879     0.996094       561258       256.00
   16515.071     0.996484       561411       284.44
   16531.455     0.996875       561735       320.00
   16539.647     0.997266       561898       365.71
   16547.839     0.997656       562034       426.67
   16564.223     0.998047       562262       512.00
   16572.415     0.998242       562368       568.89
   16580.607     0.998437       562470       640.00
   16596.991     0.998633       562653       731.43
   16605.183     0.998828       562739       853.33
   16613.375     0.999023       562814      1024.00
   16621.567     0.999121       562877      1137.78
   16629.759     0.999219       562932      1280.00
   16637.951     0.999316       562973      1462.86
   16646.143     0.999414       563020      1706.67
   16662.527     0.999512       563097      2048.00
   16662.527     0.999561       563097      2275.56
   16670.719     0.999609       563133      2560.00
   16678.911     0.999658       563161      2925.71
   16687.103     0.999707       563194      3413.33
   16695.295     0.999756       563217      4096.00
   16703.487     0.999780       563239      4551.11
   16703.487     0.999805       563239      5120.00
   16711.679     0.999829       563263      5851.43
   16711.679     0.999854       563263      6826.67
   16719.871     0.999878       563277      8192.00
   16728.063     0.999890       563289      9102.22
   16728.063     0.999902       563289     10240.00
   16736.255     0.999915       563301     11702.86
   16736.255     0.999927       563301     13653.33
   16744.447     0.999939       563310     16384.00
   16752.639     0.999945       563320     18204.44
   16752.639     0.999951       563320     20480.00
   16752.639     0.999957       563320     23405.71
   16760.831     0.999963       563327     27306.67
   16760.831     0.999969       563327     32768.00
   16760.831     0.999973       563327     36408.89
   16769.023     0.999976       563333     40960.00
   16769.023     0.999979       563333     46811.43
   16769.023     0.999982       563333     54613.33
   16769.023     0.999985       563333     65536.00
   16777.215     0.999986       563339     72817.78
   16777.215     0.999988       563339     81920.00
   16777.215     0.999989       563339     93622.86
   16777.215     0.999991       563339    109226.67
   16777.215     0.999992       563339    131072.00
   16777.215     0.999993       563339    145635.56
   16777.215     0.999994       563339    163840.00
   16777.215     0.999995       563339    187245.71
   16777.215     0.999995       563339    218453.33
   16777.215     0.999996       563339    262144.00
   16793.599     0.999997       563341    291271.11
   16793.599     1.000000       563341          inf
#[Mean    =    11500.993, StdDeviation   =     2859.239]
#[Max     =    16777.216, Total count    =       563341]
#[Buckets =           27, SubBuckets     =         2048]
----------------------------------------------------------
  780770 requests in 29.98s, 180.25MB read
Requests/sec:  26043.62
Transfer/sec:      6.01MB
