Running 30s test @ http://localhost:8080/api/v1/books/random/rows/1000/
  4 threads and 256 connections
  Thread calibration: mean lat.: 3255.814ms, rate sampling interval: 11984ms
  Thread calibration: mean lat.: 3250.977ms, rate sampling interval: 12034ms
  Thread calibration: mean lat.: 3254.745ms, rate sampling interval: 12025ms
  Thread calibration: mean lat.: 3185.201ms, rate sampling interval: 11255ms
  Thread Stats   Avg      Stdev     Max   +/- Stdev
    Latency    12.76s     3.82s   21.09s    61.86%
    Req/Sec     2.44k     5.10     2.45k    75.00%
  Latency Distribution (HdrHistogram - Recorded Latency)
 50.000%   12.54s 
 75.000%   15.62s 
 90.000%   18.69s 
 99.000%   20.40s 
 99.900%   20.71s 
 99.990%   20.91s 
 99.999%   20.97s 
100.000%   21.10s 

  Detailed Percentile spectrum:
       Value   Percentile   TotalCount 1/(1-Percentile)

    6070.271     0.000000            1         1.00
    7761.919     0.100000        17309         1.11
    8912.895     0.200000        34572         1.25
   10149.887     0.300000        51792         1.43
   11329.535     0.400000        69056         1.67
   12541.951     0.500000        86367         2.00
   13148.159     0.550000        94916         2.22
   13754.367     0.600000       103559         2.50
   14311.423     0.650000       112261         2.86
   14934.015     0.700000       120801         3.33
   15622.143     0.750000       129515         4.00
   15949.823     0.775000       133807         4.44
   16277.503     0.800000       138109         5.00
   16637.951     0.825000       142367         5.71
   17055.743     0.850000       146841         6.67
   17743.871     0.875000       151012         8.00
   18366.463     0.887500       153154         8.89
   18694.143     0.900000       155413        10.00
   18923.519     0.912500       157484        11.43
   19152.895     0.925000       159691        13.33
   19398.655     0.937500       161777        16.00
   19529.727     0.943750       162928        17.78
   19660.799     0.950000       164061        20.00
   19775.487     0.956250       165136        22.86
   19890.175     0.962500       166246        26.67
   19988.479     0.968750       167222        32.00
   20037.631     0.971875       167727        35.56
   20103.167     0.975000       168370        40.00
   20152.319     0.978125       168851        45.71
   20217.855     0.981250       169471        53.33
   20267.007     0.984375       169904        64.00
   20299.775     0.985938       170181        71.11
   20332.543     0.987500       170452        80.00
   20365.311     0.989062       170712        91.43
   20398.079     0.990625       170959       106.67
   20447.231     0.992188       171296       128.00
   20463.615     0.992969       171414       142.22
   20479.999     0.993750       171517       160.00
   20496.383     0.994531       171624       182.86
   20529.151     0.995313       171791       213.33
   20561.919     0.996094       171943       256.00
   20578.303     0.996484       172009       284.44
   20594.687     0.996875       172077       320.00
   20611.071     0.997266       172145       365.71
   20627.455     0.997656       172197       426.67
   20643.839     0.998047       172250       512.00
   20660.223     0.998242       172296       568.89
   20660.223     0.998437       172296       640.00
   20676.607     0.998633       172340       731.43
   20692.991     0.998828       172369       853.33
   20709.375     0.999023       172398      1024.00
   20725.759     0.999121       172422      1137.78
   20742.143     0.999219       172442      1280.00
   20758.527     0.999316       172463      1462.86
   20758.527     0.999414       172463      1706.67
   20774.911     0.999512       172480      2048.00
   20791.295     0.999561       172494      2275.56
   20807.679     0.999609       172507      2560.00
   20807.679     0.999658       172507      2925.71
   20824.063     0.999707       172515      3413.33
   20840.447     0.999756       172524      4096.00
   20856.831     0.999780       172528      4551.11
   20873.215     0.999805       172535      5120.00
   20873.215     0.999829       172535      5851.43
   20889.599     0.999854       172544      6826.67
   20889.599     0.999878       172544      8192.00
   20889.599     0.999890       172544      9102.22
   20905.983     0.999902       172550     10240.00
   20905.983     0.999915       172550     11702.86
   20905.983     0.999927       172550     13653.33
   20922.367     0.999939       172552     16384.00
   20938.751     0.999945       172556     18204.44
   20938.751     0.999951       172556     20480.00
   20938.751     0.999957       172556     23405.71
   20938.751     0.999963       172556     27306.67
   20955.135     0.999969       172558     32768.00
   20955.135     0.999973       172558     36408.89
   20955.135     0.999976       172558     40960.00
   20971.519     0.999979       172560     46811.43
   20971.519     0.999982       172560     54613.33
   20971.519     0.999985       172560     65536.00
   20971.519     0.999986       172560     72817.78
   20971.519     0.999988       172560     81920.00
   20987.903     0.999989       172561     93622.86
   20987.903     0.999991       172561    109226.67
   20987.903     0.999992       172561    131072.00
   20987.903     0.999993       172561    145635.56
   20987.903     0.999994       172561    163840.00
   21102.591     0.999995       172562    187245.71
   21102.591     1.000000       172562          inf
#[Mean    =    12763.980, StdDeviation   =     3821.805]
#[Max     =    21086.208, Total count    =       172562]
#[Buckets =           27, SubBuckets     =         2048]
----------------------------------------------------------
  274428 requests in 30.00s, 63.35MB read
Requests/sec:   9148.20
Transfer/sec:      2.11MB
