Running 30s test @ http://localhost:8080/api/v1/books/hello
  4 threads and 256 connections
  Thread calibration: mean lat.: 2.169ms, rate sampling interval: 10ms
  Thread calibration: mean lat.: 2.125ms, rate sampling interval: 10ms
  Thread calibration: mean lat.: 1.771ms, rate sampling interval: 10ms
  Thread calibration: mean lat.: 4.179ms, rate sampling interval: 10ms
  Thread Stats   Avg      Stdev     Max   +/- Stdev
    Latency     1.74ms    2.13ms  42.66ms   95.13%
    Req/Sec     2.64k     2.51k   12.80k    46.17%
  Latency Distribution (HdrHistogram - Recorded Latency)
 50.000%    1.35ms
 75.000%    1.91ms
 90.000%    2.61ms
 99.000%   11.12ms
 99.900%   30.33ms
 99.990%   36.16ms
 99.999%   42.21ms
100.000%   42.69ms

  Detailed Percentile spectrum:
       Value   Percentile   TotalCount 1/(1-Percentile)

       0.097     0.000000            1         1.00
       0.600     0.100000        19747         1.11
       0.810     0.200000        39453         1.25
       0.992     0.300000        59160         1.43
       1.170     0.400000        78787         1.67
       1.350     0.500000        98428         2.00
       1.447     0.550000       108267         2.22
       1.548     0.600000       118115         2.50
       1.655     0.650000       127950         2.86
       1.774     0.700000       137799         3.33
       1.907     0.750000       147617         4.00
       1.982     0.775000       152529         4.44
       2.063     0.800000       157477         5.00
       2.155     0.825000       162384         5.71
       2.265     0.850000       167298         6.67
       2.405     0.875000       172203         8.00
       2.497     0.887500       174662         8.89
       2.613     0.900000       177127        10.00
       2.773     0.912500       179573        11.43
       2.989     0.925000       182031        13.33
       3.317     0.937500       184486        16.00
       3.545     0.943750       185718        17.78
       3.813     0.950000       186955        20.00
       4.143     0.956250       188175        22.86
       4.583     0.962500       189406        26.67
       5.123     0.968750       190641        32.00
       5.535     0.971875       191249        35.56
       6.051     0.975000       191865        40.00
       6.791     0.978125       192484        45.71
       7.583     0.981250       193096        53.33
       8.639     0.984375       193715        64.00
       9.223     0.985938       194022        71.11
       9.935     0.987500       194324        80.00
      10.711     0.989062       194632        91.43
      11.383     0.990625       194939       106.67
      12.223     0.992188       195246       128.00
      12.911     0.992969       195400       142.22
      13.743     0.993750       195554       160.00
      14.663     0.994531       195708       182.86
      16.303     0.995313       195862       213.33
      18.047     0.996094       196015       256.00
      18.975     0.996484       196092       284.44
      19.983     0.996875       196169       320.00
      20.975     0.997266       196245       365.71
      21.759     0.997656       196324       426.67
      22.863     0.998047       196399       512.00
      24.143     0.998242       196439       568.89
      25.183     0.998437       196478       640.00
      26.271     0.998633       196514       731.43
      28.847     0.998828       196553       853.33
      30.447     0.999023       196591      1024.00
      30.943     0.999121       196611      1137.78
      31.343     0.999219       196630      1280.00
      32.015     0.999316       196650      1462.86
      32.415     0.999414       196668      1706.67
      32.767     0.999512       196687      2048.00
      33.183     0.999561       196699      2275.56
      33.439     0.999609       196710      2560.00
      33.503     0.999658       196717      2925.71
      33.663     0.999707       196727      3413.33
      34.047     0.999756       196735      4096.00
      34.463     0.999780       196742      4551.11
      34.623     0.999805       196747      5120.00
      34.719     0.999829       196750      5851.43
      34.911     0.999854       196756      6826.67
      35.039     0.999878       196759      8192.00
      35.839     0.999890       196762      9102.22
      36.191     0.999902       196764     10240.00
      37.279     0.999915       196767     11702.86
      38.655     0.999927       196769     13653.33
      39.455     0.999939       196771     16384.00
      40.415     0.999945       196773     18204.44
      40.479     0.999951       196775     20480.00
      40.479     0.999957       196775     23405.71
      40.959     0.999963       196776     27306.67
      41.471     0.999969       196777     32768.00
      41.823     0.999973       196778     36408.89
      42.079     0.999976       196779     40960.00
      42.079     0.999979       196779     46811.43
      42.111     0.999982       196780     54613.33
      42.111     0.999985       196780     65536.00
      42.207     0.999986       196781     72817.78
      42.207     0.999988       196781     81920.00
      42.207     0.999989       196781     93622.86
      42.367     0.999991       196782    109226.67
      42.367     0.999992       196782    131072.00
      42.367     0.999993       196782    145635.56
      42.367     0.999994       196782    163840.00
      42.367     0.999995       196782    187245.71
      42.687     0.999995       196783    218453.33
      42.687     1.000000       196783          inf
#[Mean    =        1.744, StdDeviation   =        2.133]
#[Max     =       42.656, Total count    =       196783]
#[Buckets =           27, SubBuckets     =         2048]
----------------------------------------------------------
  292120 requests in 30.00s, 38.22MB read
Requests/sec:   9737.90
Transfer/sec:      1.27MB
