Running 30s test @ http://localhost:8080/api/v1/books/random/rows/1000/
  4 threads and 256 connections
  Thread calibration: mean lat.: 4063.802ms, rate sampling interval: 11280ms
  Thread calibration: mean lat.: 4028.257ms, rate sampling interval: 11100ms
  Thread calibration: mean lat.: 4045.577ms, rate sampling interval: 11149ms
  Thread calibration: mean lat.: 4083.716ms, rate sampling interval: 11239ms
  Thread Stats   Avg      Stdev     Max   +/- Stdev
    Latency     7.78s   949.52ms  10.13s    67.75%
    Req/Sec     1.96k     5.68     1.96k    75.00%
  Latency Distribution (HdrHistogram - Recorded Latency)
 50.000%    7.98s 
 75.000%    8.48s 
 90.000%    8.85s 
 99.000%    9.42s 
 99.900%    9.99s 
 99.990%   10.13s 
 99.999%   10.14s 
100.000%   10.14s 

  Detailed Percentile spectrum:
       Value   Percentile   TotalCount 1/(1-Percentile)

    4472.831     0.000000            1         1.00
    6275.071     0.100000        16842         1.11
    6897.663     0.200000        33681         1.25
    7438.335     0.300000        50463         1.43
    7753.727     0.400000        67185         1.67
    7979.007     0.500000        84156         2.00
    8081.407     0.550000        92714         2.22
    8175.615     0.600000       100918         2.50
    8278.015     0.650000       109429         2.86
    8372.223     0.700000       117817         3.33
    8478.719     0.750000       126527         4.00
    8527.871     0.775000       130558         4.44
    8577.023     0.800000       134436         5.00
    8634.367     0.825000       138915         5.71
    8691.711     0.850000       142882         6.67
    8765.439     0.875000       147284         8.00
    8806.399     0.887500       149332         8.89
    8847.359     0.900000       151437        10.00
    8888.319     0.912500       153484        11.43
    8929.279     0.925000       155362        13.33
    8986.623     0.937500       157604        16.00
    9019.391     0.943750       158662        17.78
    9052.159     0.950000       159571        20.00
    9093.119     0.956250       160737        22.86
    9134.079     0.962500       161792        26.67
    9166.847     0.968750       162688        32.00
    9191.423     0.971875       163216        35.56
    9224.191     0.975000       163818        40.00
    9256.959     0.978125       164267        45.71
    9306.111     0.981250       164881        53.33
    9338.879     0.984375       165357        64.00
    9355.263     0.985938       165576        71.11
    9379.839     0.987500       165893        80.00
    9404.415     0.989062       166140        91.43
    9437.183     0.990625       166364       106.67
    9486.335     0.992188       166651       128.00
    9510.911     0.992969       166792       142.22
    9527.295     0.993750       166886       160.00
    9560.063     0.994531       167036       182.86
    9592.831     0.995313       167163       213.33
    9625.599     0.996094       167283       256.00
    9658.367     0.996484       167349       284.44
    9682.943     0.996875       167418       320.00
    9715.711     0.997266       167482       365.71
    9764.863     0.997656       167542       426.67
    9863.167     0.998047       167619       512.00
    9879.551     0.998242       167643       568.89
    9895.935     0.998437       167672       640.00
    9928.703     0.998633       167709       731.43
    9961.471     0.998828       167738       853.33
    9994.239     0.999023       167776      1024.00
   10010.623     0.999121       167807      1137.78
   10010.623     0.999219       167807      1280.00
   10018.815     0.999316       167819      1462.86
   10035.199     0.999414       167841      1706.67
   10051.583     0.999512       167859      2048.00
   10059.775     0.999561       167861      2275.56
   10067.967     0.999609       167871      2560.00
   10076.159     0.999658       167881      2925.71
   10084.351     0.999707       167885      3413.33
   10100.735     0.999756       167893      4096.00
   10108.927     0.999780       167906      4551.11
   10108.927     0.999805       167906      5120.00
   10108.927     0.999829       167906      5851.43
   10117.119     0.999854       167911      6826.67
   10125.311     0.999878       167921      8192.00
   10125.311     0.999890       167921      9102.22
   10125.311     0.999902       167921     10240.00
   10125.311     0.999915       167921     11702.86
   10125.311     0.999927       167921     13653.33
   10133.503     0.999939       167930     16384.00
   10133.503     0.999945       167930     18204.44
   10133.503     0.999951       167930     20480.00
   10133.503     0.999957       167930     23405.71
   10133.503     0.999963       167930     27306.67
   10133.503     0.999969       167930     32768.00
   10133.503     0.999973       167930     36408.89
   10133.503     0.999976       167930     40960.00
   10133.503     0.999979       167930     46811.43
   10133.503     0.999982       167930     54613.33
   10141.695     0.999985       167933     65536.00
   10141.695     1.000000       167933          inf
#[Mean    =     7776.749, StdDeviation   =      949.517]
#[Max     =    10133.504, Total count    =       167933]
#[Buckets =           27, SubBuckets     =         2048]
----------------------------------------------------------
  212048 requests in 30.00s, 48.95MB read
  Socket errors: connect 0, read 0, write 0, timeout 2
Requests/sec:   7069.20
Transfer/sec:      1.63MB
