Running 30s test @ http://localhost:8080/api/v1/books/random/rows/1000/
  4 threads and 256 connections
  Thread calibration: mean lat.: 2436.631ms, rate sampling interval: 10715ms
  Thread calibration: mean lat.: 2455.577ms, rate sampling interval: 10739ms
  Thread calibration: mean lat.: 2439.921ms, rate sampling interval: 10715ms
  Thread calibration: mean lat.: 2444.927ms, rate sampling interval: 10264ms
  Thread Stats   Avg      Stdev     Max   +/- Stdev
    Latency    11.88s     3.07s   17.71s    57.91%
    Req/Sec     2.14k     2.96     2.14k    75.00%
  Latency Distribution (HdrHistogram - Recorded Latency)
 50.000%   12.00s 
 75.000%   14.54s 
 90.000%   15.99s 
 99.000%   16.97s 
 99.900%   17.32s 
 99.990%   17.56s 
 99.999%   17.69s 
100.000%   17.73s 

  Detailed Percentile spectrum:
       Value   Percentile   TotalCount 1/(1-Percentile)

    5550.079     0.000000            1         1.00
    7626.751     0.100000        17728         1.11
    8675.327     0.200000        35403         1.25
    9773.055     0.300000        53046         1.43
   10911.743     0.400000        70702         1.67
   12001.279     0.500000        88398         2.00
   12558.335     0.550000        97226         2.22
   13090.815     0.600000       106068         2.50
   13615.103     0.650000       114904         2.86
   14106.623     0.700000       123771         3.33
   14540.799     0.750000       132508         4.00
   14778.367     0.775000       136943         4.44
   15015.935     0.800000       141350         5.00
   15261.695     0.825000       145768         5.71
   15523.839     0.850000       150259         6.67
   15753.215     0.875000       154550         8.00
   15876.095     0.887500       156854         8.89
   15990.783     0.900000       159009        10.00
   16113.663     0.912500       161285        11.43
   16228.351     0.925000       163389        13.33
   16343.039     0.937500       165623        16.00
   16408.575     0.943750       166774        17.78
   16465.919     0.950000       167807        20.00
   16531.455     0.956250       168953        22.86
   16596.991     0.962500       169997        26.67
   16670.719     0.968750       171191        32.00
   16703.487     0.971875       171658        35.56
   16744.447     0.975000       172242        40.00
   16793.599     0.978125       172905        45.71
   16826.367     0.981250       173343        53.33
   16875.519     0.984375       173943        64.00
   16908.287     0.985938       174317        71.11
   16924.671     0.987500       174459        80.00
   16957.439     0.989062       174727        91.43
   16990.207     0.990625       174974       106.67
   17022.975     0.992188       175240       128.00
   17055.743     0.992969       175449       142.22
   17072.127     0.993750       175561       160.00
   17088.511     0.994531       175651       182.86
   17121.279     0.995313       175834       213.33
   17154.047     0.996094       175996       256.00
   17154.047     0.996484       175996       284.44
   17186.815     0.996875       176125       320.00
   17203.199     0.997266       176171       365.71
   17219.583     0.997656       176217       426.67
   17252.351     0.998047       176309       512.00
   17252.351     0.998242       176309       568.89
   17268.735     0.998437       176349       640.00
   17285.119     0.998633       176382       731.43
   17301.503     0.998828       176412       853.33
   17334.271     0.999023       176467      1024.00
   17334.271     0.999121       176467      1137.78
   17350.655     0.999219       176488      1280.00
   17367.039     0.999316       176500      1462.86
   17383.423     0.999414       176515      1706.67
   17416.191     0.999512       176540      2048.00
   17416.191     0.999561       176540      2275.56
   17432.575     0.999609       176548      2560.00
   17448.959     0.999658       176560      2925.71
   17465.343     0.999707       176567      3413.33
   17498.111     0.999756       176580      4096.00
   17498.111     0.999780       176580      4551.11
   17514.495     0.999805       176590      5120.00
   17514.495     0.999829       176590      5851.43
   17530.879     0.999854       176594      6826.67
   17547.263     0.999878       176597      8192.00
   17547.263     0.999890       176597      9102.22
   17563.647     0.999902       176601     10240.00
   17563.647     0.999915       176601     11702.86
   17596.415     0.999927       176607     13653.33
   17596.415     0.999939       176607     16384.00
   17596.415     0.999945       176607     18204.44
   17612.799     0.999951       176610     20480.00
   17612.799     0.999957       176610     23405.71
   17612.799     0.999963       176610     27306.67
   17629.183     0.999969       176611     32768.00
   17645.567     0.999973       176612     36408.89
   17645.567     0.999976       176612     40960.00
   17661.951     0.999979       176613     46811.43
   17661.951     0.999982       176613     54613.33
   17694.719     0.999985       176614     65536.00
   17694.719     0.999986       176614     72817.78
   17694.719     0.999988       176614     81920.00
   17711.103     0.999989       176615     93622.86
   17711.103     0.999991       176615    109226.67
   17711.103     0.999992       176615    131072.00
   17711.103     0.999993       176615    145635.56
   17711.103     0.999994       176615    163840.00
   17727.487     0.999995       176616    187245.71
   17727.487     1.000000       176616          inf
#[Mean    =    11880.445, StdDeviation   =     3065.024]
#[Max     =    17711.104, Total count    =       176616]
#[Buckets =           27, SubBuckets     =         2048]
----------------------------------------------------------
  254127 requests in 30.00s, 58.67MB read
Requests/sec:   8471.06
Transfer/sec:      1.96MB
