Running 30s test @ http://localhost:8080/api/v1/books/random/rows/1000/
  4 threads and 256 connections
  Thread calibration: mean lat.: 4538.567ms, rate sampling interval: 16285ms
  Thread calibration: mean lat.: 4337.995ms, rate sampling interval: 15073ms
  Thread calibration: mean lat.: 4546.671ms, rate sampling interval: 16302ms
  Thread calibration: mean lat.: 4367.002ms, rate sampling interval: 15073ms
  Thread Stats   Avg      Stdev     Max   +/- Stdev
    Latency    17.27s     5.13s   26.44s    57.05%
    Req/Sec     2.07k    16.55     2.09k    50.00%
  Latency Distribution (HdrHistogram - Recorded Latency)
 50.000%   17.66s 
 75.000%   21.74s 
 90.000%   24.30s 
 99.000%   25.95s 
 99.900%   26.28s 
 99.990%   26.39s 
 99.999%   26.43s 
100.000%   26.46s 

  Detailed Percentile spectrum:
       Value   Percentile   TotalCount 1/(1-Percentile)

    8151.039     0.000000            1         1.00
   10239.999     0.100000        16332         1.11
   11771.903     0.200000        32698         1.25
   13426.687     0.300000        48969         1.43
   15466.495     0.400000        65267         1.67
   17661.951     0.500000        81600         2.00
   18464.767     0.550000        89859         2.22
   19267.583     0.600000        97980         2.50
   20103.167     0.650000       106098         2.86
   20922.367     0.700000       114219         3.33
   21741.567     0.750000       122482         4.00
   22118.399     0.775000       126451         4.44
   22495.231     0.800000       130633         5.00
   22872.063     0.825000       134695         5.71
   23314.431     0.850000       138741         6.67
   23789.567     0.875000       142811         8.00
   24035.327     0.887500       144796         8.89
   24297.471     0.900000       146795        10.00
   24543.231     0.912500       148920        11.43
   24723.455     0.925000       150871        13.33
   24920.063     0.937500       152936        16.00
   25018.367     0.943750       153992        17.78
   25133.055     0.950000       155062        20.00
   25231.359     0.956250       155990        22.86
   25346.047     0.962500       157122        26.67
   25444.351     0.968750       158137        32.00
   25493.503     0.971875       158646        35.56
   25542.655     0.975000       159125        40.00
   25591.807     0.978125       159558        45.71
   25657.343     0.981250       160049        53.33
   25755.647     0.984375       160612        64.00
   25804.799     0.985938       160848        71.11
   25853.951     0.987500       161087        80.00
   25903.103     0.989062       161324        91.43
   25968.639     0.990625       161618       106.67
   26017.791     0.992188       161878       128.00
   26034.175     0.992969       161956       142.22
   26066.943     0.993750       162117       160.00
   26083.327     0.994531       162208       182.86
   26116.095     0.995313       162361       213.33
   26148.863     0.996094       162512       256.00
   26165.247     0.996484       162578       284.44
   26181.631     0.996875       162651       320.00
   26198.015     0.997266       162714       365.71
   26214.399     0.997656       162765       426.67
   26230.783     0.998047       162819       512.00
   26230.783     0.998242       162819       568.89
   26247.167     0.998437       162864       640.00
   26263.551     0.998633       162910       731.43
   26263.551     0.998828       162910       853.33
   26279.935     0.999023       162956      1024.00
   26279.935     0.999121       162956      1137.78
   26296.319     0.999219       162985      1280.00
   26312.703     0.999316       163013      1462.86
   26312.703     0.999414       163013      1706.67
   26329.087     0.999512       163031      2048.00
   26329.087     0.999561       163031      2275.56
   26345.471     0.999609       163057      2560.00
   26345.471     0.999658       163057      2925.71
   26345.471     0.999707       163057      3413.33
   26361.855     0.999756       163071      4096.00
   26361.855     0.999780       163071      4551.11
   26361.855     0.999805       163071      5120.00
   26361.855     0.999829       163071      5851.43
   26378.239     0.999854       163079      6826.67
   26378.239     0.999878       163079      8192.00
   26394.623     0.999890       163085      9102.22
   26394.623     0.999902       163085     10240.00
   26394.623     0.999915       163085     11702.86
   26411.007     0.999927       163093     13653.33
   26411.007     0.999939       163093     16384.00
   26411.007     0.999945       163093     18204.44
   26411.007     0.999951       163093     20480.00
   26411.007     0.999957       163093     23405.71
   26411.007     0.999963       163093     27306.67
   26427.391     0.999969       163096     32768.00
   26427.391     0.999973       163096     36408.89
   26427.391     0.999976       163096     40960.00
   26427.391     0.999979       163096     46811.43
   26427.391     0.999982       163096     54613.33
   26427.391     0.999985       163096     65536.00
   26427.391     0.999986       163096     72817.78
   26460.159     0.999988       163098     81920.00
   26460.159     1.000000       163098          inf
#[Mean    =    17267.749, StdDeviation   =     5126.766]
#[Max     =    26443.776, Total count    =       163098]
#[Buckets =           27, SubBuckets     =         2048]
----------------------------------------------------------
  244092 requests in 30.00s, 56.35MB read
Requests/sec:   8135.76
Transfer/sec:      1.88MB
