Running 30s test @ http://localhost:8080/api/v1/books/random/cached/rows/1000/
  4 threads and 256 connections
  Thread calibration: mean lat.: 1456.178ms, rate sampling interval: 5836ms
  Thread calibration: mean lat.: 1227.248ms, rate sampling interval: 5521ms
  Thread calibration: mean lat.: 1495.456ms, rate sampling interval: 5902ms
  Thread calibration: mean lat.: 1284.373ms, rate sampling interval: 5791ms
  Thread Stats   Avg      Stdev     Max   +/- Stdev
    Latency     6.71s     3.11s   13.91s    71.62%
    Req/Sec     4.82k     1.70k    6.92k    33.33%
  Latency Distribution (HdrHistogram - Recorded Latency)
 50.000%    5.39s 
 75.000%    9.30s 
 90.000%   12.30s 
 99.000%   13.43s 
 99.900%   13.66s 
 99.990%   13.80s 
 99.999%   13.88s 
100.000%   13.92s 

  Detailed Percentile spectrum:
       Value   Percentile   TotalCount 1/(1-Percentile)

    2924.543     0.000000            1         1.00
    3858.431     0.100000        37580         1.11
    4284.415     0.200000        75001         1.25
    4595.711     0.300000       112568         1.43
    4980.735     0.400000       149929         1.67
    5390.335     0.500000       187287         2.00
    5640.191     0.550000       206167         2.22
    5922.815     0.600000       224630         2.50
    6209.535     0.650000       243338         2.86
    6799.359     0.700000       262069         3.33
    9297.919     0.750000       280830         4.00
    9846.783     0.775000       290177         4.44
   10215.423     0.800000       299469         5.00
   10936.319     0.825000       308861         5.71
   11419.647     0.850000       318178         6.67
   11911.167     0.875000       327596         8.00
   12124.159     0.887500       332263         8.89
   12296.191     0.900000       337000        10.00
   12443.647     0.912500       341582        11.43
   12607.487     0.925000       346407        13.33
   12795.903     0.937500       350999        16.00
   12902.399     0.943750       353336        17.78
   13000.703     0.950000       355763        20.00
   13082.623     0.956250       358135        22.86
   13148.159     0.962500       360439        26.67
   13213.695     0.968750       362912        32.00
   13238.271     0.971875       363860        35.56
   13271.039     0.975000       365136        40.00
   13303.807     0.978125       366394        45.71
   13328.383     0.981250       367364        53.33
   13361.151     0.984375       368482        64.00
   13385.727     0.985938       369303        71.11
   13402.111     0.987500       369749        80.00
   13426.687     0.989062       370439        91.43
   13443.071     0.990625       370843       106.67
   13467.647     0.992188       371452       128.00
   13484.031     0.992969       371804       142.22
   13500.415     0.993750       372130       160.00
   13516.799     0.994531       372406       182.86
   13533.183     0.995313       372663       213.33
   13549.567     0.996094       372894       256.00
   13565.951     0.996484       373095       284.44
   13574.143     0.996875       373204       320.00
   13582.335     0.997266       373316       365.71
   13598.719     0.997656       373477       426.67
   13615.103     0.998047       373619       512.00
   13623.295     0.998242       373677       568.89
   13631.487     0.998437       373751       640.00
   13639.679     0.998633       373814       731.43
   13656.063     0.998828       373915       853.33
   13664.255     0.999023       373964      1024.00
   13672.447     0.999121       374009      1137.78
   13680.639     0.999219       374053      1280.00
   13688.831     0.999316       374087      1462.86
   13697.023     0.999414       374121      1706.67
   13705.215     0.999512       374147      2048.00
   13713.407     0.999561       374170      2275.56
   13721.599     0.999609       374190      2560.00
   13729.791     0.999658       374208      2925.71
   13737.983     0.999707       374222      3413.33
   13746.175     0.999756       374234      4096.00
   13754.367     0.999780       374244      4551.11
   13762.559     0.999805       374258      5120.00
   13770.751     0.999829       374270      5851.43
   13778.943     0.999854       374278      6826.67
   13787.135     0.999878       374284      8192.00
   13787.135     0.999890       374284      9102.22
   13795.327     0.999902       374295     10240.00
   13795.327     0.999915       374295     11702.86
   13803.519     0.999927       374304     13653.33
   13803.519     0.999939       374304     16384.00
   13811.711     0.999945       374308     18204.44
   13811.711     0.999951       374308     20480.00
   13819.903     0.999957       374311     23405.71
   13828.095     0.999963       374314     27306.67
   13828.095     0.999969       374314     32768.00
   13836.287     0.999973       374317     36408.89
   13836.287     0.999976       374317     40960.00
   13844.479     0.999979       374319     46811.43
   13844.479     0.999982       374319     54613.33
   13852.671     0.999985       374320     65536.00
   13852.671     0.999986       374320     72817.78
   13877.247     0.999988       374321     81920.00
   13885.439     0.999989       374322     93622.86
   13885.439     0.999991       374322    109226.67
   13893.631     0.999992       374323    131072.00
   13893.631     0.999993       374323    145635.56
   13893.631     0.999994       374323    163840.00
   13918.207     0.999995       374325    187245.71
   13918.207     1.000000       374325          inf
#[Mean    =     6711.901, StdDeviation   =     3112.924]
#[Max     =    13910.016, Total count    =       374325]
#[Buckets =           27, SubBuckets     =         2048]
----------------------------------------------------------
  635561 requests in 30.00s, 146.73MB read
Requests/sec:  21184.40
Transfer/sec:      4.89MB
