Running 30s test @ http://localhost:8080/api/v1/books/hello
  4 threads and 256 connections
  Thread calibration: mean lat.: 4.668ms, rate sampling interval: 19ms
  Thread calibration: mean lat.: 4.557ms, rate sampling interval: 16ms
  Thread calibration: mean lat.: 4.663ms, rate sampling interval: 18ms
  Thread calibration: mean lat.: 4.171ms, rate sampling interval: 16ms
  Thread Stats   Avg      Stdev     Max   +/- Stdev
    Latency     2.78ms    3.53ms  78.27ms   91.90%
    Req/Sec     5.17k     1.52k   13.47k    63.41%
  Latency Distribution (HdrHistogram - Recorded Latency)
 50.000%    1.79ms
 75.000%    2.95ms
 90.000%    5.56ms
 99.000%   17.44ms
 99.900%   42.21ms
 99.990%   52.74ms
 99.999%   65.79ms
100.000%   78.33ms

  Detailed Percentile spectrum:
       Value   Percentile   TotalCount 1/(1-Percentile)

       0.090     0.000000            1         1.00
       0.779     0.100000        39364         1.11
       1.043     0.200000        78815         1.25
       1.282     0.300000       118165         1.43
       1.523     0.400000       157552         1.67
       1.788     0.500000       196815         2.00
       1.939     0.550000       216453         2.22
       2.111     0.600000       236313         2.50
       2.313     0.650000       255913         2.86
       2.581     0.700000       275481         3.33
       2.953     0.750000       295210         4.00
       3.193     0.775000       304991         4.44
       3.477     0.800000       314847         5.00
       3.825     0.825000       324658         5.71
       4.267     0.850000       334503         6.67
       4.823     0.875000       344396         8.00
       5.163     0.887500       349245         8.89
       5.559     0.900000       354168        10.00
       6.031     0.912500       359106        11.43
       6.595     0.925000       364000        13.33
       7.291     0.937500       368926        16.00
       7.715     0.943750       371394        17.78
       8.199     0.950000       373856        20.00
       8.815     0.956250       376319        22.86
       9.551     0.962500       378761        26.67
      10.463     0.968750       381228        32.00
      10.991     0.971875       382451        35.56
      11.535     0.975000       383695        40.00
      12.207     0.978125       384915        45.71
      13.079     0.981250       386140        53.33
      14.215     0.984375       387375        64.00
      14.959     0.985938       387988        71.11
      15.767     0.987500       388596        80.00
      16.703     0.989062       389213        91.43
      17.967     0.990625       389831       106.67
      19.343     0.992188       390448       128.00
      20.015     0.992969       390749       142.22
      20.847     0.993750       391058       160.00
      22.063     0.994531       391362       182.86
      24.399     0.995313       391670       213.33
      25.855     0.996094       391978       256.00
      26.959     0.996484       392131       284.44
      28.415     0.996875       392285       320.00
      30.847     0.997266       392438       365.71
      32.415     0.997656       392591       426.67
      35.487     0.998047       392746       512.00
      37.823     0.998242       392822       568.89
      39.295     0.998437       392900       640.00
      40.735     0.998633       392975       731.43
      41.535     0.998828       393054       853.33
      42.335     0.999023       393133      1024.00
      43.039     0.999121       393170      1137.78
      44.831     0.999219       393206      1280.00
      47.071     0.999316       393245      1462.86
      48.287     0.999414       393283      1706.67
      49.151     0.999512       393321      2048.00
      49.439     0.999561       393341      2275.56
      49.759     0.999609       393361      2560.00
      49.983     0.999658       393380      2925.71
      50.175     0.999707       393398      3413.33
      50.495     0.999756       393419      4096.00
      50.751     0.999780       393427      4551.11
      51.007     0.999805       393438      5120.00
      51.743     0.999829       393446      5851.43
      52.095     0.999854       393457      6826.67
      52.351     0.999878       393465      8192.00
      52.607     0.999890       393470      9102.22
      52.735     0.999902       393475     10240.00
      52.895     0.999915       393480     11702.86
      53.119     0.999927       393486     13653.33
      53.183     0.999939       393489     16384.00
      53.343     0.999945       393493     18204.44
      53.407     0.999951       393495     20480.00
      53.439     0.999957       393497     23405.71
      53.503     0.999963       393499     27306.67
      54.207     0.999969       393501     32768.00
      54.975     0.999973       393503     36408.89
      55.359     0.999976       393504     40960.00
      56.031     0.999979       393505     46811.43
      58.591     0.999982       393506     54613.33
      60.255     0.999985       393507     65536.00
      62.751     0.999986       393508     72817.78
      65.791     0.999988       393509     81920.00
      65.791     0.999989       393509     93622.86
      68.031     0.999991       393510    109226.67
      68.031     0.999992       393510    131072.00
      70.591     0.999993       393511    145635.56
      70.591     0.999994       393511    163840.00
      70.591     0.999995       393511    187245.71
      73.023     0.999995       393512    218453.33
      73.023     0.999996       393512    262144.00
      73.023     0.999997       393512    291271.11
      73.023     0.999997       393512    327680.00
      73.023     0.999997       393512    374491.43
      78.335     0.999998       393513    436906.67
      78.335     1.000000       393513          inf
#[Mean    =        2.784, StdDeviation   =        3.533]
#[Max     =       78.272, Total count    =       393513]
#[Buckets =           27, SubBuckets     =         2048]
----------------------------------------------------------
  584173 requests in 30.00s, 76.43MB read
Requests/sec:  19472.79
Transfer/sec:      2.55MB
