Running 30s test @ http://localhost:8080/api/v1/books/hello
  4 threads and 256 connections
  Thread calibration: mean lat.: 12.225ms, rate sampling interval: 10ms
  Thread calibration: mean lat.: 43.837ms, rate sampling interval: 12ms
  Thread calibration: mean lat.: 73.887ms, rate sampling interval: 607ms
  Thread calibration: mean lat.: 1.817ms, rate sampling interval: 10ms
  Thread Stats   Avg      Stdev     Max   +/- Stdev
    Latency     9.54ms   69.40ms   1.01s    98.68%
    Req/Sec    10.53k     2.42k   29.44k    76.92%
  Latency Distribution (HdrHistogram - Recorded Latency)
 50.000%    1.75ms
 75.000%    2.59ms
 90.000%    4.42ms
 99.000%  305.15ms
 99.900%  943.10ms
 99.990%    1.00s 
 99.999%    1.01s 
100.000%    1.01s 

  Detailed Percentile spectrum:
       Value   Percentile   TotalCount 1/(1-Percentile)

       0.063     0.000000            1         1.00
       0.759     0.100000        78761         1.11
       1.033     0.200000       157500         1.25
       1.280     0.300000       236481         1.43
       1.516     0.400000       314983         1.67
       1.754     0.500000       393774         2.00
       1.881     0.550000       433129         2.22
       2.018     0.600000       472388         2.50
       2.175     0.650000       511941         2.86
       2.359     0.700000       551209         3.33
       2.591     0.750000       590542         4.00
       2.739     0.775000       610123         4.44
       2.925     0.800000       629901         5.00
       3.153     0.825000       649475         5.71
       3.437     0.850000       669080         6.67
       3.839     0.875000       688820         8.00
       4.099     0.887500       698703         8.89
       4.419     0.900000       708488        10.00
       4.815     0.912500       718330        11.43
       5.339     0.925000       728138        13.33
       6.067     0.937500       737983        16.00
       6.535     0.943750       742874        17.78
       7.099     0.950000       747808        20.00
       7.847     0.956250       752723        22.86
       8.863     0.962500       757652        26.67
      10.311     0.968750       762574        32.00
      11.271     0.971875       765020        35.56
      12.399     0.975000       767487        40.00
      14.255     0.978125       769938        45.71
      17.455     0.981250       772397        53.33
      25.631     0.984375       774853        64.00
      36.095     0.985938       776084        71.11
     130.367     0.987500       777312        80.00
     239.743     0.989062       778543        91.43
     349.695     0.990625       779772       106.67
     460.287     0.992188       781002       128.00
     516.095     0.992969       781617       142.22
     572.415     0.993750       782233       160.00
     626.687     0.994531       782848       182.86
     681.983     0.995313       783468       213.33
     736.255     0.996094       784081       256.00
     764.415     0.996484       784384       284.44
     792.575     0.996875       784705       320.00
     819.199     0.997266       785000       365.71
     847.871     0.997656       785310       426.67
     875.007     0.998047       785621       512.00
     888.319     0.998242       785780       568.89
     901.631     0.998437       785928       640.00
     915.455     0.998633       786075       731.43
     930.815     0.998828       786231       853.33
     944.127     0.999023       786391      1024.00
     950.271     0.999121       786460      1137.78
     956.927     0.999219       786539      1280.00
     963.583     0.999316       786616      1462.86
     970.239     0.999414       786695      1706.67
     977.407     0.999512       786768      2048.00
     980.479     0.999561       786806      2275.56
     984.063     0.999609       786846      2560.00
     987.135     0.999658       786882      2925.71
     991.231     0.999707       786924      3413.33
     993.791     0.999756       786967      4096.00
     995.839     0.999780       786979      4551.11
     997.887     0.999805       787003      5120.00
     999.423     0.999829       787032      5851.43
     999.935     0.999854       787036      6826.67
    1002.495     0.999878       787057      8192.00
    1004.031     0.999890       787072      9102.22
    1004.543     0.999902       787077     10240.00
    1005.055     0.999915       787087     11702.86
    1005.567     0.999927       787103     13653.33
    1005.567     0.999939       787103     16384.00
    1006.079     0.999945       787108     18204.44
    1007.615     0.999951       787114     20480.00
    1008.127     0.999957       787118     23405.71
    1008.639     0.999963       787127     27306.67
    1008.639     0.999969       787127     32768.00
    1009.151     0.999973       787134     36408.89
    1009.151     0.999976       787134     40960.00
    1009.663     0.999979       787137     46811.43
    1009.663     0.999982       787137     54613.33
    1010.175     0.999985       787143     65536.00
    1010.175     0.999986       787143     72817.78
    1010.175     0.999988       787143     81920.00
    1010.175     0.999989       787143     93622.86
    1010.687     0.999991       787148    109226.67
    1010.687     0.999992       787148    131072.00
    1010.687     0.999993       787148    145635.56
    1010.687     0.999994       787148    163840.00
    1010.687     0.999995       787148    187245.71
    1010.687     0.999995       787148    218453.33
    1010.687     0.999996       787148    262144.00
    1011.199     0.999997       787151    291271.11
    1011.199     1.000000       787151          inf
#[Mean    =        9.544, StdDeviation   =       69.399]
#[Max     =     1010.688, Total count    =       787151]
#[Buckets =           27, SubBuckets     =         2048]
----------------------------------------------------------
  1168371 requests in 30.00s, 152.86MB read
Requests/sec:  38945.67
Transfer/sec:      5.10MB
