Running 30s test @ http://localhost:8080/api/v1/books/random/cached/rows/1000/
  4 threads and 256 connections
  Thread calibration: mean lat.: 2408.785ms, rate sampling interval: 8781ms
  Thread calibration: mean lat.: 2335.832ms, rate sampling interval: 8675ms
  Thread calibration: mean lat.: 2006.479ms, rate sampling interval: 8478ms
  Thread calibration: mean lat.: 2374.937ms, rate sampling interval: 8601ms
  Thread Stats   Avg      Stdev     Max   +/- Stdev
    Latency     9.55s     2.73s   14.31s    57.94%
    Req/Sec     6.61k   219.50     6.91k    50.00%
  Latency Distribution (HdrHistogram - Recorded Latency)
 50.000%    9.90s 
 75.000%   11.88s 
 90.000%   13.16s 
 99.000%   13.85s 
 99.900%   14.06s 
 99.990%   14.19s 
 99.999%   14.30s 
100.000%   14.32s 

  Detailed Percentile spectrum:
       Value   Percentile   TotalCount 1/(1-Percentile)

    4521.983     0.000000            1         1.00
    5652.479     0.100000        52702         1.11
    6602.751     0.200000       105455         1.25
    7606.271     0.300000       158048         1.43
    8699.903     0.400000       210715         1.67
    9895.935     0.500000       263508         2.00
   10371.071     0.550000       289756         2.22
   10895.359     0.600000       315984         2.50
   11247.615     0.650000       342548         2.86
   11542.527     0.700000       368652         3.33
   11878.399     0.750000       395112         4.00
   12050.431     0.775000       408445         4.44
   12214.271     0.800000       421427         5.00
   12402.687     0.825000       434387         5.71
   12673.023     0.850000       447692         6.67
   12951.551     0.875000       460874         8.00
   13066.239     0.887500       467568         8.89
   13164.543     0.900000       473854        10.00
   13262.847     0.912500       480546        11.43
   13361.151     0.925000       487361        13.33
   13451.263     0.937500       494011        16.00
   13492.223     0.943750       497166        17.78
   13533.183     0.950000       500324        20.00
   13574.143     0.956250       503528        22.86
   13615.103     0.962500       506666        26.67
   13664.255     0.968750       510381        32.00
   13680.639     0.971875       511567        35.56
   13705.215     0.975000       513312        40.00
   13729.791     0.978125       514927        45.71
   13762.559     0.981250       516838        53.33
   13787.135     0.984375       518203        64.00
   13803.519     0.985938       519054        71.11
   13819.903     0.987500       519831        80.00
   13844.479     0.989062       520953        91.43
   13860.863     0.990625       521656       106.67
   13877.247     0.992188       522257       128.00
   13893.631     0.992969       522849       142.22
   13901.823     0.993750       523107       160.00
   13918.207     0.994531       523591       182.86
   13934.591     0.995313       524028       213.33
   13950.975     0.996094       524391       256.00
   13959.167     0.996484       524550       284.44
   13975.551     0.996875       524846       320.00
   13983.743     0.997266       524982       365.71
   14000.127     0.997656       525236       426.67
   14008.319     0.998047       525346       512.00
   14016.511     0.998242       525448       568.89
   14024.703     0.998437       525541       640.00
   14041.087     0.998633       525724       731.43
   14049.279     0.998828       525799       853.33
   14057.471     0.999023       525869      1024.00
   14065.663     0.999121       525932      1137.78
   14073.855     0.999219       525985      1280.00
   14082.047     0.999316       526035      1462.86
   14090.239     0.999414       526081      1706.67
   14098.431     0.999512       526121      2048.00
   14106.623     0.999561       526153      2275.56
   14114.815     0.999609       526184      2560.00
   14114.815     0.999658       526184      2925.71
   14123.007     0.999707       526210      3413.33
   14131.199     0.999756       526233      4096.00
   14139.391     0.999780       526252      4551.11
   14147.583     0.999805       526264      5120.00
   14155.775     0.999829       526277      5851.43
   14163.967     0.999854       526289      6826.67
   14172.159     0.999878       526298      8192.00
   14180.351     0.999890       526305      9102.22
   14188.543     0.999902       526315     10240.00
   14188.543     0.999915       526315     11702.86
   14196.735     0.999927       526322     13653.33
   14213.119     0.999939       526329     16384.00
   14221.311     0.999945       526332     18204.44
   14229.503     0.999951       526335     20480.00
   14237.695     0.999957       526338     23405.71
   14245.887     0.999963       526340     27306.67
   14254.079     0.999969       526345     32768.00
   14254.079     0.999973       526345     36408.89
   14262.271     0.999976       526348     40960.00
   14262.271     0.999979       526348     46811.43
   14270.463     0.999982       526350     54613.33
   14278.655     0.999985       526352     65536.00
   14278.655     0.999986       526352     72817.78
   14286.847     0.999988       526353     81920.00
   14295.039     0.999989       526355     93622.86
   14295.039     0.999991       526355    109226.67
   14295.039     0.999992       526355    131072.00
   14303.231     0.999993       526357    145635.56
   14303.231     0.999994       526357    163840.00
   14303.231     0.999995       526357    187245.71
   14303.231     0.999995       526357    218453.33
   14303.231     0.999996       526357    262144.00
   14311.423     0.999997       526358    291271.11
   14311.423     0.999997       526358    327680.00
   14311.423     0.999997       526358    374491.43
   14311.423     0.999998       526358    436906.67
   14311.423     0.999998       526358    524288.00
   14319.615     0.999998       526359    582542.22
   14319.615     1.000000       526359          inf
#[Mean    =     9552.244, StdDeviation   =     2725.930]
#[Max     =    14311.424, Total count    =       526359]
#[Buckets =           27, SubBuckets     =         2048]
----------------------------------------------------------
  767411 requests in 30.00s, 177.17MB read
Requests/sec:  25578.33
Transfer/sec:      5.91MB
