Running 30s test @ http://localhost:8080/api/v1/books/random/rows/1000/
  4 threads and 256 connections
  Thread calibration: mean lat.: 2987.484ms, rate sampling interval: 14057ms
  Thread calibration: mean lat.: 3017.402ms, rate sampling interval: 14147ms
  Thread calibration: mean lat.: 2984.284ms, rate sampling interval: 14098ms
  Thread calibration: mean lat.: 3019.099ms, rate sampling interval: 14245ms
  Thread Stats   Avg      Stdev     Max   +/- Stdev
    Latency    20.71s     4.89s   28.02s    60.07%
    Req/Sec     1.11k     8.90     1.12k    50.00%
  Latency Distribution (HdrHistogram - Recorded Latency)
 50.000%   21.51s 
 75.000%   24.81s 
 90.000%   26.72s 
 99.000%   27.71s 
 99.900%   27.87s 
 99.990%   27.93s 
 99.999%   28.02s 
100.000%   28.03s 

  Detailed Percentile spectrum:
       Value   Percentile   TotalCount 1/(1-Percentile)

    9306.111     0.000000            1         1.00
   13459.455     0.100000        10730         1.11
   15613.951     0.200000        21464         1.25
   18481.151     0.300000        32177         1.43
   20021.247     0.400000        43028         1.67
   21512.191     0.500000        53657         2.00
   22298.623     0.550000        59012         2.22
   23003.135     0.600000        64408         2.50
   23576.575     0.650000        69818         2.86
   24199.167     0.700000        75182         3.33
   24805.375     0.750000        80532         4.00
   25149.439     0.775000        83192         4.44
   25460.735     0.800000        85870         5.00
   25788.415     0.825000        88575         5.71
   26116.095     0.850000        91252         6.67
   26411.007     0.875000        93953         8.00
   26574.847     0.887500        95234         8.89
   26722.303     0.900000        96617        10.00
   26853.375     0.912500        97929        11.43
   26984.447     0.925000        99292        13.33
   27115.519     0.937500       100659        16.00
   27181.055     0.943750       101305        17.78
   27246.591     0.950000       101970        20.00
   27312.127     0.956250       102581        22.86
   27394.047     0.962500       103329        26.67
   27459.583     0.968750       103944        32.00
   27508.735     0.971875       104389        35.56
   27541.503     0.975000       104689        40.00
   27574.271     0.978125       105002        45.71
   27607.039     0.981250       105324        53.33
   27639.807     0.984375       105644        64.00
   27656.191     0.985938       105799        71.11
   27672.575     0.987500       105947        80.00
   27688.959     0.989062       106105        91.43
   27721.727     0.990625       106369       106.67
   27738.111     0.992188       106502       128.00
   27738.111     0.992969       106502       142.22
   27754.495     0.993750       106627       160.00
   27770.879     0.994531       106734       182.86
   27787.263     0.995313       106831       213.33
   27803.647     0.996094       106922       256.00
   27803.647     0.996484       106922       284.44
   27803.647     0.996875       106922       320.00
   27820.031     0.997266       107005       365.71
   27820.031     0.997656       107005       426.67
   27836.415     0.998047       107069       512.00
   27836.415     0.998242       107069       568.89
   27852.799     0.998437       107119       640.00
   27852.799     0.998633       107119       731.43
   27869.183     0.998828       107160       853.33
   27869.183     0.999023       107160      1024.00
   27869.183     0.999121       107160      1137.78
   27885.567     0.999219       107195      1280.00
   27885.567     0.999316       107195      1462.86
   27885.567     0.999414       107195      1706.67
   27901.951     0.999512       107213      2048.00
   27901.951     0.999561       107213      2275.56
   27901.951     0.999609       107213      2560.00
   27918.335     0.999658       107228      2925.71
   27918.335     0.999707       107228      3413.33
   27918.335     0.999756       107228      4096.00
   27934.719     0.999780       107244      4551.11
   27934.719     0.999805       107244      5120.00
   27934.719     0.999829       107244      5851.43
   27934.719     0.999854       107244      6826.67
   27934.719     0.999878       107244      8192.00
   27934.719     0.999890       107244      9102.22
   27934.719     0.999902       107244     10240.00
   27934.719     0.999915       107244     11702.86
   27951.103     0.999927       107247     13653.33
   27951.103     0.999939       107247     16384.00
   27951.103     0.999945       107247     18204.44
   27951.103     0.999951       107247     20480.00
   27983.871     0.999957       107249     23405.71
   27983.871     0.999963       107249     27306.67
   27983.871     0.999969       107249     32768.00
   28016.639     0.999973       107251     36408.89
   28016.639     0.999976       107251     40960.00
   28016.639     0.999979       107251     46811.43
   28016.639     0.999982       107251     54613.33
   28016.639     0.999985       107251     65536.00
   28016.639     0.999986       107251     72817.78
   28016.639     0.999988       107251     81920.00
   28016.639     0.999989       107251     93622.86
   28033.023     0.999991       107252    109226.67
   28033.023     1.000000       107252          inf
#[Mean    =    20712.797, StdDeviation   =     4885.701]
#[Max     =    28016.640, Total count    =       107252]
#[Buckets =           27, SubBuckets     =         2048]
----------------------------------------------------------
  163293 requests in 30.00s, 37.70MB read
Requests/sec:   5442.97
Transfer/sec:      1.26MB
