Running 30s test @ http://localhost:8080/api/v1/books/random/rows/1000/
  4 threads and 256 connections
  Thread calibration: mean lat.: 3972.783ms, rate sampling interval: 14303ms
  Thread calibration: mean lat.: 3949.459ms, rate sampling interval: 14303ms
  Thread calibration: mean lat.: 3948.760ms, rate sampling interval: 14295ms
  Thread calibration: mean lat.: 3804.818ms, rate sampling interval: 13279ms
  Thread Stats   Avg      Stdev     Max   +/- Stdev
    Latency    15.71s     4.42s   23.51s    57.45%
    Req/Sec     2.20k     9.90     2.22k    50.00%
  Latency Distribution (HdrHistogram - Recorded Latency)
 50.000%   15.84s 
 75.000%   19.63s 
 90.000%   21.73s 
 99.000%   23.02s 
 99.900%   23.28s 
 99.990%   23.41s 
 99.999%   23.49s 
100.000%   23.53s 

  Detailed Percentile spectrum:
       Value   Percentile   TotalCount 1/(1-Percentile)

    7249.919     0.000000            1         1.00
    9535.487     0.100000        17908         1.11
   11116.543     0.200000        35669         1.25
   12599.295     0.300000        53549         1.43
   14254.079     0.400000        71295         1.67
   15835.135     0.500000        89121         2.00
   16613.375     0.550000        98107         2.22
   17383.423     0.600000       107013         2.50
   18120.703     0.650000       115943         2.86
   18874.367     0.700000       124824         3.33
   19628.031     0.750000       133709         4.00
   19988.479     0.775000       138160         4.44
   20332.543     0.800000       142721         5.00
   20660.223     0.825000       147183         5.71
   20987.903     0.850000       151493         6.67
   21364.735     0.875000       155984         8.00
   21561.343     0.887500       158331         8.89
   21725.183     0.900000       160431        10.00
   21889.023     0.912500       162687        11.43
   22052.863     0.925000       164917        13.33
   22216.703     0.937500       167110        16.00
   22298.623     0.943750       168219        17.78
   22396.927     0.950000       169522        20.00
   22478.847     0.956250       170583        22.86
   22560.767     0.962500       171649        26.67
   22659.071     0.968750       172765        32.00
   22708.223     0.971875       173327        35.56
   22757.375     0.975000       173816        40.00
   22822.911     0.978125       174456        45.71
   22872.063     0.981250       174954        53.33
   22921.215     0.984375       175469        64.00
   22953.983     0.985938       175791        71.11
   22986.751     0.987500       176119        80.00
   23019.519     0.989062       176442        91.43
   23035.903     0.990625       176610       106.67
   23068.671     0.992188       176896       128.00
   23085.055     0.992969       177031       142.22
   23101.439     0.993750       177163       160.00
   23117.823     0.994531       177296       182.86
   23134.207     0.995313       177415       213.33
   23166.975     0.996094       177623       256.00
   23166.975     0.996484       177623       284.44
   23183.359     0.996875       177712       320.00
   23199.743     0.997266       177793       365.71
   23216.127     0.997656       177871       426.67
   23232.511     0.998047       177941       512.00
   23232.511     0.998242       177941       568.89
   23248.895     0.998437       177992       640.00
   23248.895     0.998633       177992       731.43
   23265.279     0.998828       178040       853.33
   23281.663     0.999023       178077      1024.00
   23281.663     0.999121       178077      1137.78
   23298.047     0.999219       178106      1280.00
   23298.047     0.999316       178106      1462.86
   23314.431     0.999414       178134      1706.67
   23330.815     0.999512       178153      2048.00
   23330.815     0.999561       178153      2275.56
   23347.199     0.999609       178172      2560.00
   23347.199     0.999658       178172      2925.71
   23347.199     0.999707       178172      3413.33
   23363.583     0.999756       178184      4096.00
   23379.967     0.999780       178194      4551.11
   23379.967     0.999805       178194      5120.00
   23379.967     0.999829       178194      5851.43
   23396.351     0.999854       178204      6826.67
   23396.351     0.999878       178204      8192.00
   23412.735     0.999890       178208      9102.22
   23412.735     0.999902       178208     10240.00
   23429.119     0.999915       178212     11702.86
   23429.119     0.999927       178212     13653.33
   23445.503     0.999939       178216     16384.00
   23445.503     0.999945       178216     18204.44
   23445.503     0.999951       178216     20480.00
   23461.887     0.999957       178219     23405.71
   23461.887     0.999963       178219     27306.67
   23461.887     0.999969       178219     32768.00
   23478.271     0.999973       178221     36408.89
   23478.271     0.999976       178221     40960.00
   23478.271     0.999979       178221     46811.43
   23478.271     0.999982       178221     54613.33
   23494.655     0.999985       178223     65536.00
   23494.655     0.999986       178223     72817.78
   23494.655     0.999988       178223     81920.00
   23494.655     0.999989       178223     93622.86
   23494.655     0.999991       178223    109226.67
   23494.655     0.999992       178223    131072.00
   23494.655     0.999993       178223    145635.56
   23494.655     0.999994       178223    163840.00
   23527.423     0.999995       178224    187245.71
   23527.423     1.000000       178224          inf
#[Mean    =    15707.711, StdDeviation   =     4422.032]
#[Max     =    23511.040, Total count    =       178224]
#[Buckets =           27, SubBuckets     =         2048]
----------------------------------------------------------
  263230 requests in 30.00s, 60.77MB read
Requests/sec:   8774.98
Transfer/sec:      2.03MB
