Running 30s test @ http://localhost:8080/api/v1/books/random/cached/rows/1000/
  4 threads and 256 connections
  Thread calibration: mean lat.: 3241.737ms, rate sampling interval: 11575ms
  Thread calibration: mean lat.: 2918.432ms, rate sampling interval: 11190ms
  Thread calibration: mean lat.: 3118.418ms, rate sampling interval: 11362ms
  Thread calibration: mean lat.: 2414.252ms, rate sampling interval: 11010ms
  Thread Stats   Avg      Stdev     Max   +/- Stdev
    Latency    12.56s     3.60s   18.97s    57.65%
    Req/Sec     7.23k    47.71     7.28k    75.00%
  Latency Distribution (HdrHistogram - Recorded Latency)
 50.000%   12.66s 
 75.000%   15.70s 
 90.000%   17.48s 
 99.000%   18.45s 
 99.900%   18.79s 
 99.990%   18.92s 
 99.999%   18.97s 
100.000%   18.99s 

  Detailed Percentile spectrum:
       Value   Percentile   TotalCount 1/(1-Percentile)

    5967.871     0.000000            2         1.00
    7495.679     0.100000        59015         1.11
    8871.935     0.200000       117834         1.25
   10174.463     0.300000       176945         1.43
   11468.799     0.400000       235827         1.67
   12656.639     0.500000       294667         2.00
   13320.191     0.550000       324018         2.22
   13885.439     0.600000       353356         2.50
   14434.303     0.650000       382994         2.86
   15007.743     0.700000       412464         3.33
   15695.871     0.750000       441687         4.00
   16064.511     0.775000       456389         4.44
   16351.231     0.800000       471366         5.00
   16629.759     0.825000       485888         5.71
   16924.671     0.850000       500684         6.67
   17186.815     0.875000       515131         8.00
   17334.271     0.887500       522776         8.89
   17481.727     0.900000       530457        10.00
   17612.799     0.912500       537427        11.43
   17743.871     0.925000       544626        13.33
   17874.943     0.937500       552219        16.00
   17940.479     0.943750       556291        17.78
   17989.631     0.950000       559410        20.00
   18055.167     0.956250       563388        22.86
   18120.703     0.962500       567098        26.67
   18186.239     0.968750       570802        32.00
   18219.007     0.971875       572547        35.56
   18251.775     0.975000       574293        40.00
   18284.543     0.978125       576028        45.71
   18333.695     0.981250       578444        53.33
   18366.463     0.984375       579954        64.00
   18382.847     0.985938       580682        71.11
   18399.231     0.987500       581408        80.00
   18431.999     0.989062       582739        91.43
   18448.383     0.990625       583340       106.67
   18481.151     0.992188       584398       128.00
   18497.535     0.992969       584817       142.22
   18513.919     0.993750       585206       160.00
   18530.303     0.994531       585542       182.86
   18563.071     0.995313       586128       213.33
   18595.839     0.996094       586551       256.00
   18612.223     0.996484       586740       284.44
   18628.607     0.996875       586917       320.00
   18661.375     0.997266       587243       365.71
   18677.759     0.997656       587407       426.67
   18694.143     0.998047       587567       512.00
   18710.527     0.998242       587686       568.89
   18726.911     0.998437       587794       640.00
   18759.679     0.998633       587994       731.43
   18776.063     0.998828       588102       853.33
   18792.447     0.999023       588200      1024.00
   18792.447     0.999121       588200      1137.78
   18808.831     0.999219       588298      1280.00
   18825.215     0.999316       588384      1462.86
   18825.215     0.999414       588384      1706.67
   18841.599     0.999512       588470      2048.00
   18841.599     0.999561       588470      2275.56
   18857.983     0.999609       588530      2560.00
   18857.983     0.999658       588530      2925.71
   18874.367     0.999707       588580      3413.33
   18874.367     0.999756       588580      4096.00
   18890.751     0.999780       588617      4551.11
   18890.751     0.999805       588617      5120.00
   18890.751     0.999829       588617      5851.43
   18907.135     0.999854       588652      6826.67
   18907.135     0.999878       588652      8192.00
   18907.135     0.999890       588652      9102.22
   18923.519     0.999902       588681     10240.00
   18923.519     0.999915       588681     11702.86
   18923.519     0.999927       588681     13653.33
   18923.519     0.999939       588681     16384.00
   18923.519     0.999945       588681     18204.44
   18939.903     0.999951       588696     20480.00
   18939.903     0.999957       588696     23405.71
   18939.903     0.999963       588696     27306.67
   18939.903     0.999969       588696     32768.00
   18939.903     0.999973       588696     36408.89
   18956.287     0.999976       588703     40960.00
   18956.287     0.999979       588703     46811.43
   18956.287     0.999982       588703     54613.33
   18972.671     0.999985       588707     65536.00
   18972.671     0.999986       588707     72817.78
   18972.671     0.999988       588707     81920.00
   18972.671     0.999989       588707     93622.86
   18972.671     0.999991       588707    109226.67
   18989.055     0.999992       588712    131072.00
   18989.055     1.000000       588712          inf
#[Mean    =    12563.866, StdDeviation   =     3597.088]
#[Max     =    18972.672, Total count    =       588712]
#[Buckets =           27, SubBuckets     =         2048]
----------------------------------------------------------
  857598 requests in 30.00s, 197.99MB read
Requests/sec:  28589.28
Transfer/sec:      6.60MB
