Running 30s test @ http://localhost:8080/api/v1/books/hello
  4 threads and 256 connections
  Thread calibration: mean lat.: 3.171ms, rate sampling interval: 11ms
  Thread calibration: mean lat.: 3.438ms, rate sampling interval: 11ms
  Thread calibration: mean lat.: 3.106ms, rate sampling interval: 10ms
  Thread calibration: mean lat.: 3.273ms, rate sampling interval: 11ms
  Thread Stats   Avg      Stdev     Max   +/- Stdev
    Latency   110.41ms  363.41ms   2.23s    91.64%
    Req/Sec    15.00k     4.10k   36.20k    83.33%
  Latency Distribution (HdrHistogram - Recorded Latency)
 50.000%    1.74ms
 75.000%    2.77ms
 90.000%   32.29ms
 99.000%    1.65s 
 99.900%    1.92s 
 99.990%    2.07s 
 99.999%    2.12s 
100.000%    2.23s 

  Detailed Percentile spectrum:
       Value   Percentile   TotalCount 1/(1-Percentile)

       0.060     0.000000            1         1.00
       0.794     0.100000       109637         1.11
       1.048     0.200000       218712         1.25
       1.277     0.300000       328472         1.43
       1.498     0.400000       437497         1.67
       1.735     0.500000       546799         2.00
       1.871     0.550000       601483         2.22
       2.025     0.600000       656370         2.50
       2.201     0.650000       711045         2.86
       2.431     0.700000       765595         3.33
       2.771     0.750000       820315         4.00
       3.033     0.775000       847600         4.44
       3.425     0.800000       874878         5.00
       4.143     0.825000       902151         5.71
       5.487     0.850000       929465         6.67
       8.799     0.875000       956795         8.00
      13.455     0.887500       970466         8.89
      32.287     0.900000       984125        10.00
     244.223     0.912500       997790        11.43
     759.295     0.925000      1011474        13.33
    1029.119     0.937500      1025140        16.00
    1130.495     0.943750      1032023        17.78
    1214.463     0.950000      1038856        20.00
    1287.167     0.956250      1045689        22.86
    1358.847     0.962500      1052466        26.67
    1424.383     0.968750      1059323        32.00
    1456.127     0.971875      1062789        35.56
    1484.799     0.975000      1066165        40.00
    1515.519     0.978125      1069625        45.71
    1545.215     0.981250      1073066        53.33
    1576.959     0.984375      1076396        64.00
    1595.391     0.985938      1078167        71.11
    1613.823     0.987500      1079834        80.00
    1634.303     0.989062      1081563        91.43
    1656.831     0.990625      1083257       106.67
    1682.431     0.992188      1084987       128.00
    1696.767     0.992969      1085788       142.22
    1712.127     0.993750      1086643       160.00
    1729.535     0.994531      1087526       182.86
    1751.039     0.995313      1088344       213.33
    1777.663     0.996094      1089209       256.00
    1790.975     0.996484      1089638       284.44
    1811.455     0.996875      1090076       320.00
    1825.791     0.997266      1090480       365.71
    1842.175     0.997656      1090927       426.67
    1859.583     0.998047      1091339       512.00
    1869.823     0.998242      1091548       568.89
    1879.039     0.998437      1091771       640.00
    1890.303     0.998633      1091984       731.43
    1902.591     0.998828      1092195       853.33
    1918.975     0.999023      1092411      1024.00
    1925.119     0.999121      1092511      1137.78
    1935.359     0.999219      1092629      1280.00
    1942.527     0.999316      1092723      1462.86
    1958.911     0.999414      1092829      1706.67
    1972.223     0.999512      1092945      2048.00
    1977.343     0.999561      1092992      2275.56
    1984.511     0.999609      1093050      2560.00
    1989.631     0.999658      1093095      2925.71
    1995.775     0.999707      1093149      3413.33
    2010.111     0.999756      1093203      4096.00
    2016.255     0.999780      1093235      4551.11
    2019.327     0.999805      1093256      5120.00
    2029.567     0.999829      1093284      5851.43
    2044.927     0.999854      1093309      6826.67
    2055.167     0.999878      1093335      8192.00
    2061.311     0.999890      1093348      9102.22
    2067.455     0.999902      1093364     10240.00
    2073.599     0.999915      1093376     11702.86
    2079.743     0.999927      1093388     13653.33
    2087.935     0.999939      1093402     16384.00
    2089.983     0.999945      1093408     18204.44
    2099.199     0.999951      1093417     20480.00
    2103.295     0.999957      1093428     23405.71
    2103.295     0.999963      1093428     27306.67
    2105.343     0.999969      1093435     32768.00
    2109.439     0.999973      1093440     36408.89
    2111.487     0.999976      1093445     40960.00
    2111.487     0.999979      1093445     46811.43
    2113.535     0.999982      1093448     54613.33
    2115.583     0.999985      1093452     65536.00
    2117.631     0.999986      1093455     72817.78
    2117.631     0.999988      1093455     81920.00
    2123.775     0.999989      1093457     93622.86
    2127.871     0.999991      1093458    109226.67
    2150.399     0.999992      1093460    131072.00
    2152.447     0.999993      1093462    145635.56
    2152.447     0.999994      1093462    163840.00
    2164.735     0.999995      1093463    187245.71
    2164.735     0.999995      1093463    218453.33
    2189.311     0.999996      1093464    262144.00
    2193.407     0.999997      1093465    291271.11
    2193.407     0.999997      1093465    327680.00
    2201.599     0.999997      1093466    374491.43
    2201.599     0.999998      1093466    436906.67
    2201.599     0.999998      1093466    524288.00
    2226.175     0.999998      1093467    582542.22
    2226.175     0.999998      1093467    655360.00
    2226.175     0.999999      1093467    748982.86
    2226.175     0.999999      1093467    873813.33
    2226.175     0.999999      1093467   1048576.00
    2230.271     0.999999      1093468   1165084.44
    2230.271     1.000000      1093468          inf
#[Mean    =      110.412, StdDeviation   =      363.412]
#[Max     =     2228.224, Total count    =      1093468]
#[Buckets =           27, SubBuckets     =         2048]
----------------------------------------------------------
  1690732 requests in 30.00s, 221.20MB read
Requests/sec:  56352.19
Transfer/sec:      7.37MB
