Running 30s test @ http://localhost:8080/api/v1/books/random/rows/1000/
  4 threads and 256 connections
  Thread calibration: mean lat.: 3971.813ms, rate sampling interval: 14016ms
  Thread calibration: mean lat.: 3744.619ms, rate sampling interval: 14786ms
  Thread calibration: mean lat.: 4001.287ms, rate sampling interval: 14073ms
  Thread calibration: mean lat.: 3744.864ms, rate sampling interval: 14753ms
  Thread Stats   Avg      Stdev     Max   +/- Stdev
    Latency    15.60s     4.58s   25.58s    62.25%
    Req/Sec     2.32k    22.89     2.34k    50.00%
  Latency Distribution (HdrHistogram - Recorded Latency)
 50.000%   15.36s 
 75.000%   19.01s 
 90.000%   22.61s 
 99.000%   24.99s 
 99.900%   25.41s 
 99.990%   25.51s 
 99.999%   25.56s 
100.000%   25.59s 

  Detailed Percentile spectrum:
       Value   Percentile   TotalCount 1/(1-Percentile)

    7790.591     0.000000            1         1.00
    9633.791     0.100000        16111         1.11
   10952.703     0.200000        32069         1.25
   12410.879     0.300000        48092         1.43
   13910.015     0.400000        64111         1.67
   15359.999     0.500000        80123         2.00
   16121.855     0.550000        88144         2.22
   16859.135     0.600000        96284         2.50
   17530.879     0.650000       104144         2.86
   18268.159     0.700000       112292         3.33
   19005.439     0.750000       120249         4.00
   19349.503     0.775000       124144         4.44
   19709.951     0.800000       128186         5.00
   20135.935     0.825000       132251         5.71
   20660.223     0.850000       136212         6.67
   21282.815     0.875000       140234         8.00
   21856.255     0.887500       142166         8.89
   22609.919     0.900000       144200        10.00
   22970.367     0.912500       146230        11.43
   23232.511     0.925000       148164        13.33
   23527.423     0.937500       150232        16.00
   23691.263     0.943750       151162        17.78
   23855.103     0.950000       152233        20.00
   24035.327     0.956250       153199        22.86
   24248.319     0.962500       154215        26.67
   24395.775     0.968750       155169        32.00
   24494.079     0.971875       155729        35.56
   24592.383     0.975000       156209        40.00
   24674.303     0.978125       156677        45.71
   24756.223     0.981250       157241        53.33
   24821.759     0.984375       157734        64.00
   24854.527     0.985938       157954        71.11
   24903.679     0.987500       158262        80.00
   24952.831     0.989062       158471        91.43
   25018.367     0.990625       158696       106.67
   25100.287     0.992188       158937       128.00
   25133.055     0.992969       159044       142.22
   25165.823     0.993750       159167       160.00
   25214.975     0.994531       159339       182.86
   25247.743     0.995313       159469       213.33
   25280.511     0.996094       159586       256.00
   25296.895     0.996484       159654       284.44
   25313.279     0.996875       159715       320.00
   25329.663     0.997266       159768       365.71
   25346.047     0.997656       159837       426.67
   25362.431     0.998047       159887       512.00
   25362.431     0.998242       159887       568.89
   25378.815     0.998437       159931       640.00
   25395.199     0.998633       159981       731.43
   25395.199     0.998828       159981       853.33
   25411.583     0.999023       160020      1024.00
   25427.967     0.999121       160046      1137.78
   25427.967     0.999219       160046      1280.00
   25444.351     0.999316       160084      1462.86
   25444.351     0.999414       160084      1706.67
   25460.735     0.999512       160105      2048.00
   25460.735     0.999561       160105      2275.56
   25477.119     0.999609       160129      2560.00
   25477.119     0.999658       160129      2925.71
   25477.119     0.999707       160129      3413.33
   25477.119     0.999756       160129      4096.00
   25493.503     0.999780       160142      4551.11
   25493.503     0.999805       160142      5120.00
   25493.503     0.999829       160142      5851.43
   25509.887     0.999854       160154      6826.67
   25509.887     0.999878       160154      8192.00
   25509.887     0.999890       160154      9102.22
   25509.887     0.999902       160154     10240.00
   25526.271     0.999915       160162     11702.86
   25526.271     0.999927       160162     13653.33
   25526.271     0.999939       160162     16384.00
   25526.271     0.999945       160162     18204.44
   25526.271     0.999951       160162     20480.00
   25526.271     0.999957       160162     23405.71
   25542.655     0.999963       160163     27306.67
   25559.039     0.999969       160166     32768.00
   25559.039     0.999973       160166     36408.89
   25559.039     0.999976       160166     40960.00
   25559.039     0.999979       160166     46811.43
   25559.039     0.999982       160166     54613.33
   25559.039     0.999985       160166     65536.00
   25559.039     0.999986       160166     72817.78
   25575.423     0.999988       160167     81920.00
   25575.423     0.999989       160167     93622.86
   25575.423     0.999991       160167    109226.67
   25575.423     0.999992       160167    131072.00
   25575.423     0.999993       160167    145635.56
   25591.807     0.999994       160168    163840.00
   25591.807     1.000000       160168          inf
#[Mean    =    15596.435, StdDeviation   =     4577.234]
#[Max     =    25575.424, Total count    =       160168]
#[Buckets =           27, SubBuckets     =         2048]
----------------------------------------------------------
  256047 requests in 30.00s, 59.11MB read
Requests/sec:   8534.81
Transfer/sec:      1.97MB
