Running 30s test @ http://localhost:8080/api/v1/books/hello
  4 threads and 256 connections
  Thread calibration: mean lat.: 33.396ms, rate sampling interval: 220ms
  Thread calibration: mean lat.: 78.000ms, rate sampling interval: 747ms
  Thread calibration: mean lat.: 35.219ms, rate sampling interval: 232ms
  Thread calibration: mean lat.: 37.942ms, rate sampling interval: 230ms
  Thread Stats   Avg      Stdev     Max   +/- Stdev
    Latency     6.11ms   37.32ms   1.06s    98.61%
    Req/Sec    12.54k   710.94    18.69k    87.68%
  Latency Distribution (HdrHistogram - Recorded Latency)
 50.000%    1.98ms
 75.000%    3.39ms
 90.000%    8.44ms
 99.000%   51.81ms
 99.900%  769.53ms
 99.990%    1.02s 
 99.999%    1.04s 
100.000%    1.06s 

  Detailed Percentile spectrum:
       Value   Percentile   TotalCount 1/(1-Percentile)

       0.050     0.000000            1         1.00
       0.863     0.100000        98696         1.11
       1.165     0.200000       197133         1.25
       1.429     0.300000       295751         1.43
       1.694     0.400000       394266         1.67
       1.983     0.500000       492641         2.00
       2.149     0.550000       541971         2.22
       2.343     0.600000       591138         2.50
       2.585     0.650000       640367         2.86
       2.909     0.700000       689542         3.33
       3.389     0.750000       738637         4.00
       3.723     0.775000       763309         4.44
       4.147     0.800000       787840         5.00
       4.723     0.825000       812582         5.71
       5.519     0.850000       837137         6.67
       6.667     0.875000       861750         8.00
       7.443     0.887500       874060         8.89
       8.439     0.900000       886357        10.00
       9.687     0.912500       898691        11.43
      11.279     0.925000       910972        13.33
      13.551     0.937500       923261        16.00
      15.047     0.943750       929419        17.78
      16.847     0.950000       935585        20.00
      19.055     0.956250       941744        22.86
      21.759     0.962500       947894        26.67
      25.375     0.968750       954040        32.00
      27.535     0.971875       957105        35.56
      30.095     0.975000       960187        40.00
      33.119     0.978125       963268        45.71
      36.415     0.981250       966355        53.33
      40.575     0.984375       969413        64.00
      43.231     0.985938       970968        71.11
      46.111     0.987500       972496        80.00
      49.535     0.989062       974038        91.43
      53.343     0.990625       975571       106.67
      58.175     0.992188       977109       128.00
      61.471     0.992969       977878       142.22
      66.111     0.993750       978650       160.00
      72.255     0.994531       979422       182.86
      80.063     0.995313       980184       213.33
      90.879     0.996094       980955       256.00
     100.799     0.996484       981338       284.44
     135.807     0.996875       981722       320.00
     248.575     0.997266       982108       365.71
     369.407     0.997656       982491       426.67
     488.447     0.998047       982876       512.00
     541.695     0.998242       983069       568.89
     599.039     0.998437       983262       640.00
     657.919     0.998633       983453       731.43
     717.311     0.998828       983647       853.33
     777.215     0.999023       983840      1024.00
     807.423     0.999121       983934      1137.78
     837.631     0.999219       984030      1280.00
     865.279     0.999316       984127      1462.86
     893.951     0.999414       984222      1706.67
     920.575     0.999512       984319      2048.00
     935.423     0.999561       984368      2275.56
     946.687     0.999609       984416      2560.00
     958.975     0.999658       984463      2925.71
     971.775     0.999707       984511      3413.33
     984.063     0.999756       984560      4096.00
     991.743     0.999780       984584      4551.11
     997.887     0.999805       984609      5120.00
    1003.007     0.999829       984632      5851.43
    1008.639     0.999854       984657      6826.67
    1016.319     0.999878       984681      8192.00
    1018.367     0.999890       984691      9102.22
    1020.927     0.999902       984708     10240.00
    1021.951     0.999915       984715     11702.86
    1023.487     0.999927       984728     13653.33
    1024.511     0.999939       984742     16384.00
    1025.535     0.999945       984749     18204.44
    1026.047     0.999951       984754     20480.00
    1026.559     0.999957       984758     23405.71
    1029.119     0.999963       984763     27306.67
    1031.167     0.999969       984769     32768.00
    1033.215     0.999973       984772     36408.89
    1035.263     0.999976       984777     40960.00
    1036.287     0.999979       984779     46811.43
    1038.335     0.999982       984781     54613.33
    1040.895     0.999985       984785     65536.00
    1041.919     0.999986       984786     72817.78
    1043.455     0.999988       984787     81920.00
    1044.991     0.999989       984789     93622.86
    1046.015     0.999991       984790    109226.67
    1048.575     0.999992       984792    131072.00
    1050.623     0.999993       984794    145635.56
    1050.623     0.999994       984794    163840.00
    1050.623     0.999995       984794    187245.71
    1051.647     0.999995       984795    218453.33
    1055.743     0.999996       984797    262144.00
    1055.743     0.999997       984797    291271.11
    1055.743     0.999997       984797    327680.00
    1055.743     0.999997       984797    374491.43
    1055.743     0.999998       984797    436906.67
    1060.863     0.999998       984798    524288.00
    1060.863     0.999998       984798    582542.22
    1060.863     0.999998       984798    655360.00
    1060.863     0.999999       984798    748982.86
    1060.863     0.999999       984798    873813.33
    1063.935     0.999999       984799   1048576.00
    1063.935     1.000000       984799          inf
#[Mean    =        6.109, StdDeviation   =       37.324]
#[Max     =     1062.912, Total count    =       984799]
#[Buckets =           27, SubBuckets     =         2048]
----------------------------------------------------------
  1470975 requests in 30.00s, 192.45MB read
Requests/sec:  49031.67
Transfer/sec:      6.41MB
