Running 30s test @ http://localhost:8080/api/v1/books/random/cached/rows/1000/
  4 threads and 256 connections
  Thread calibration: mean lat.: 6.254ms, rate sampling interval: 29ms
  Thread calibration: mean lat.: 52.296ms, rate sampling interval: 64ms
  Thread calibration: mean lat.: 7.190ms, rate sampling interval: 30ms
  Thread calibration: mean lat.: 7.307ms, rate sampling interval: 33ms
  Thread Stats   Avg      Stdev     Max   +/- Stdev
    Latency     4.50ms    3.92ms  48.38ms   88.69%
    Req/Sec     5.08k     0.85k    9.59k    73.47%
  Latency Distribution (HdrHistogram - Recorded Latency)
 50.000%    3.28ms
 75.000%    5.29ms
 90.000%    8.91ms
 99.000%   20.74ms
 99.900%   28.98ms
 99.990%   37.69ms
 99.999%   46.91ms
100.000%   48.42ms

  Detailed Percentile spectrum:
       Value   Percentile   TotalCount 1/(1-Percentile)

       0.313     0.000000            1         1.00
       1.470     0.100000        39386         1.11
       1.932     0.200000        78777         1.25
       2.349     0.300000       118269         1.43
       2.785     0.400000       157542         1.67
       3.277     0.500000       196898         2.00
       3.561     0.550000       216634         2.22
       3.873     0.600000       236184         2.50
       4.247     0.650000       255886         2.86
       4.699     0.700000       275625         3.33
       5.291     0.750000       295311         4.00
       5.651     0.775000       305136         4.44
       6.067     0.800000       314990         5.00
       6.567     0.825000       324756         5.71
       7.171     0.850000       334598         6.67
       7.919     0.875000       344463         8.00
       8.383     0.887500       349399         8.89
       8.911     0.900000       354290        10.00
       9.551     0.912500       359205        11.43
      10.343     0.925000       364130        13.33
      11.239     0.937500       369076        16.00
      11.759     0.943750       371518        17.78
      12.439     0.950000       373972        20.00
      13.271     0.956250       376438        22.86
      14.191     0.962500       378885        26.67
      15.215     0.968750       381351        32.00
      15.767     0.971875       382587        35.56
      16.415     0.975000       383809        40.00
      17.087     0.978125       385058        45.71
      17.807     0.981250       386267        53.33
      18.703     0.984375       387506        64.00
      19.183     0.985938       388108        71.11
      19.727     0.987500       388727        80.00
      20.303     0.989062       389337        91.43
      21.055     0.990625       389948       106.67
      21.903     0.992188       390565       128.00
      22.415     0.992969       390876       142.22
      22.863     0.993750       391186       160.00
      23.327     0.994531       391487       182.86
      23.855     0.995313       391796       213.33
      24.479     0.996094       392109       256.00
      24.815     0.996484       392258       284.44
      25.167     0.996875       392414       320.00
      25.551     0.997266       392566       365.71
      26.127     0.997656       392719       426.67
      26.767     0.998047       392870       512.00
      27.071     0.998242       392948       568.89
      27.407     0.998437       393024       640.00
      27.887     0.998633       393100       731.43
      28.351     0.998828       393177       853.33
      29.135     0.999023       393254      1024.00
      29.663     0.999121       393293      1137.78
      30.447     0.999219       393331      1280.00
      31.007     0.999316       393370      1462.86
      31.631     0.999414       393409      1706.67
      32.831     0.999512       393446      2048.00
      33.215     0.999561       393467      2275.56
      33.823     0.999609       393486      2560.00
      34.719     0.999658       393504      2925.71
      35.615     0.999707       393525      3413.33
      36.095     0.999756       393543      4096.00
      36.415     0.999780       393552      4551.11
      36.607     0.999805       393564      5120.00
      36.703     0.999829       393571      5851.43
      36.927     0.999854       393582      6826.67
      37.151     0.999878       393590      8192.00
      37.439     0.999890       393595      9102.22
      37.759     0.999902       393601     10240.00
      38.303     0.999915       393605     11702.86
      38.719     0.999927       393610     13653.33
      39.391     0.999939       393614     16384.00
      39.871     0.999945       393617     18204.44
      40.543     0.999951       393619     20480.00
      41.407     0.999957       393622     23405.71
      42.495     0.999963       393624     27306.67
      42.783     0.999969       393626     32768.00
      45.215     0.999973       393628     36408.89
      45.439     0.999976       393629     40960.00
      46.175     0.999979       393630     46811.43
      46.303     0.999982       393631     54613.33
      46.591     0.999985       393632     65536.00
      46.783     0.999986       393633     72817.78
      46.911     0.999988       393634     81920.00
      46.911     0.999989       393634     93622.86
      47.295     0.999991       393635    109226.67
      47.295     0.999992       393635    131072.00
      47.743     0.999993       393636    145635.56
      47.743     0.999994       393636    163840.00
      47.743     0.999995       393636    187245.71
      47.775     0.999995       393637    218453.33
      47.775     0.999996       393637    262144.00
      47.775     0.999997       393637    291271.11
      47.775     0.999997       393637    327680.00
      47.775     0.999997       393637    374491.43
      48.415     0.999998       393638    436906.67
      48.415     1.000000       393638          inf
#[Mean    =        4.496, StdDeviation   =        3.922]
#[Max     =       48.384, Total count    =       393638]
#[Buckets =           27, SubBuckets     =         2048]
----------------------------------------------------------
  584200 requests in 30.01s, 134.87MB read
Requests/sec:  19469.95
Transfer/sec:      4.49MB
