Running 30s test @ http://localhost:8080/api/v1/books/random/cached/rows/1000/
  4 threads and 256 connections
  Thread calibration: mean lat.: 1113.040ms, rate sampling interval: 2854ms
  Thread calibration: mean lat.: 1090.835ms, rate sampling interval: 2949ms
  Thread calibration: mean lat.: 1232.703ms, rate sampling interval: 3264ms
  Thread calibration: mean lat.: 1049.148ms, rate sampling interval: 2875ms
  Thread Stats   Avg      Stdev     Max   +/- Stdev
    Latency     2.28s   616.47ms   3.76s    57.56%
    Req/Sec     6.87k   569.79     7.38k    83.33%
  Latency Distribution (HdrHistogram - Recorded Latency)
 50.000%    2.14s 
 75.000%    2.85s 
 90.000%    3.13s 
 99.000%    3.44s 
 99.900%    3.58s 
 99.990%    3.73s 
 99.999%    3.75s 
100.000%    3.76s 

  Detailed Percentile spectrum:
       Value   Percentile   TotalCount 1/(1-Percentile)

    1071.103     0.000000            1         1.00
    1539.071     0.100000        54277         1.11
    1663.999     0.200000       108662         1.25
    1793.023     0.300000       162553         1.43
    1931.263     0.400000       216911         1.67
    2142.207     0.500000       270873         2.00
    2363.391     0.550000       298060         2.22
    2566.143     0.600000       325091         2.50
    2684.927     0.650000       352223         2.86
    2770.943     0.700000       379636         3.33
    2852.863     0.750000       406353         4.00
    2893.823     0.775000       420128         4.44
    2934.783     0.800000       433387         5.00
    2977.791     0.825000       447089         5.71
    3022.847     0.850000       460997         6.67
    3067.903     0.875000       474204         8.00
    3094.527     0.887500       481128         8.89
    3125.247     0.900000       487902        10.00
    3151.871     0.912500       494388        11.43
    3182.591     0.925000       501261        13.33
    3215.359     0.937500       507979        16.00
    3235.839     0.943750       511446        17.78
    3256.319     0.950000       514782        20.00
    3274.751     0.956250       518273        22.86
    3295.231     0.962500       521599        26.67
    3319.807     0.968750       524928        32.00
    3334.143     0.971875       526669        35.56
    3348.479     0.975000       528399        40.00
    3360.767     0.978125       530016        45.71
    3375.103     0.981250       531776        53.33
    3389.439     0.984375       533316        64.00
    3399.679     0.985938       534101        71.11
    3414.015     0.987500       534954        80.00
    3428.351     0.989062       535825        91.43
    3446.783     0.990625       536681       106.67
    3461.119     0.992188       537514       128.00
    3471.359     0.992969       537950       142.22
    3479.551     0.993750       538349       160.00
    3487.743     0.994531       538810       182.86
    3495.935     0.995313       539194       213.33
    3504.127     0.996094       539598       256.00
    3510.271     0.996484       539859       284.44
    3514.367     0.996875       540049       320.00
    3520.511     0.997266       540257       365.71
    3530.751     0.997656       540457       426.67
    3547.135     0.998047       540665       512.00
    3553.279     0.998242       540770       568.89
    3561.471     0.998437       540874       640.00
    3567.615     0.998633       540975       731.43
    3575.807     0.998828       541096       853.33
    3586.047     0.999023       541186      1024.00
    3592.191     0.999121       541240      1137.78
    3596.287     0.999219       541298      1280.00
    3600.383     0.999316       541372      1462.86
    3604.479     0.999414       541416      1706.67
    3608.575     0.999512       541453      2048.00
    3612.671     0.999561       541486      2275.56
    3616.767     0.999609       541514      2560.00
    3624.959     0.999658       541529      2925.71
    3637.247     0.999707       541555      3413.33
    3667.967     0.999756       541582      4096.00
    3674.111     0.999780       541594      4551.11
    3676.159     0.999805       541611      5120.00
    3678.207     0.999829       541625      5851.43
    3682.303     0.999854       541634      6826.67
    3727.359     0.999878       541650      8192.00
    3729.407     0.999890       541658      9102.22
    3731.455     0.999902       541678     10240.00
    3731.455     0.999915       541678     11702.86
    3731.455     0.999927       541678     13653.33
    3733.503     0.999939       541689     16384.00
    3733.503     0.999945       541689     18204.44
    3733.503     0.999951       541689     20480.00
    3735.551     0.999957       541691     23405.71
    3737.599     0.999963       541696     27306.67
    3739.647     0.999969       541700     32768.00
    3739.647     0.999973       541700     36408.89
    3739.647     0.999976       541700     40960.00
    3741.695     0.999979       541704     46811.43
    3741.695     0.999982       541704     54613.33
    3743.743     0.999985       541707     65536.00
    3743.743     0.999986       541707     72817.78
    3743.743     0.999988       541707     81920.00
    3745.791     0.999989       541710     93622.86
    3745.791     0.999991       541710    109226.67
    3745.791     0.999992       541710    131072.00
    3745.791     0.999993       541710    145635.56
    3745.791     0.999994       541710    163840.00
    3753.983     0.999995       541711    187245.71
    3753.983     0.999995       541711    218453.33
    3753.983     0.999996       541711    262144.00
    3760.127     0.999997       541712    291271.11
    3760.127     0.999997       541712    327680.00
    3760.127     0.999997       541712    374491.43
    3760.127     0.999998       541712    436906.67
    3760.127     0.999998       541712    524288.00
    3764.223     0.999998       541713    582542.22
    3764.223     1.000000       541713          inf
#[Mean    =     2284.113, StdDeviation   =      616.469]
#[Max     =     3762.176, Total count    =       541713]
#[Buckets =           27, SubBuckets     =         2048]
----------------------------------------------------------
  788691 requests in 30.00s, 182.08MB read
Requests/sec:  26291.12
Transfer/sec:      6.07MB
