Running 30s test @ http://localhost:8080/api/v1/books/random/cached/rows/1000/
  4 threads and 256 connections
  Thread calibration: mean lat.: 2257.721ms, rate sampling interval: 9953ms
  Thread calibration: mean lat.: 2587.386ms, rate sampling interval: 9830ms
  Thread calibration: mean lat.: 2552.126ms, rate sampling interval: 9715ms
  Thread calibration: mean lat.: 2243.452ms, rate sampling interval: 9871ms
  Thread Stats   Avg      Stdev     Max   +/- Stdev
    Latency    11.28s     3.70s   18.24s    55.85%
    Req/Sec     6.83k     0.86k    7.53k    66.67%
  Latency Distribution (HdrHistogram - Recorded Latency)
 50.000%   10.44s 
 75.000%   14.85s 
 90.000%   16.83s 
 99.000%   17.86s 
 99.900%   18.06s 
 99.990%   18.17s 
 99.999%   18.24s 
100.000%   18.25s 

  Detailed Percentile spectrum:
       Value   Percentile   TotalCount 1/(1-Percentile)

    5365.759     0.000000            2         1.00
    6664.191     0.100000        51422         1.11
    7581.695     0.200000       102555         1.25
    8626.175     0.300000       153936         1.43
    9641.983     0.400000       205203         1.67
   10444.799     0.500000       256565         2.00
   10993.663     0.550000       282054         2.22
   11575.295     0.600000       307558         2.50
   12869.631     0.650000       333224         2.86
   13811.711     0.700000       358837         3.33
   14852.095     0.750000       384354         4.00
   15237.119     0.775000       397440         4.44
   15548.415     0.800000       410016         5.00
   15867.903     0.825000       422901         5.71
   16195.583     0.850000       435856         6.67
   16515.071     0.875000       448373         8.00
   16678.911     0.887500       455107         8.89
   16826.367     0.900000       461699        10.00
   16957.439     0.912500       467949        11.43
   17088.511     0.925000       474123        13.33
   17235.967     0.937500       480847        16.00
   17301.503     0.943750       483667        17.78
   17383.423     0.950000       487027        20.00
   17465.343     0.956250       490406        22.86
   17530.879     0.962500       493251        26.67
   17612.799     0.968750       497108        32.00
   17645.567     0.971875       498668        35.56
   17678.335     0.975000       500260        40.00
   17711.103     0.978125       501819        45.71
   17743.871     0.981250       503295        53.33
   17776.639     0.984375       504722        64.00
   17793.023     0.985938       505379        71.11
   17809.407     0.987500       506021        80.00
   17842.175     0.989062       507246        91.43
   17858.559     0.990625       507785       106.67
   17891.327     0.992188       508825       128.00
   17891.327     0.992969       508825       142.22
   17907.711     0.993750       509256       160.00
   17924.095     0.994531       509699       182.86
   17940.479     0.995313       510107       213.33
   17956.863     0.996094       510470       256.00
   17973.247     0.996484       510793       284.44
   17989.631     0.996875       511099       320.00
   17989.631     0.997266       511099       365.71
   18006.015     0.997656       511366       426.67
   18022.399     0.998047       511580       512.00
   18022.399     0.998242       511580       568.89
   18038.783     0.998437       511766       640.00
   18038.783     0.998633       511766       731.43
   18055.167     0.998828       511918       853.33
   18055.167     0.999023       511918      1024.00
   18071.551     0.999121       512036      1137.78
   18071.551     0.999219       512036      1280.00
   18087.935     0.999316       512130      1462.86
   18087.935     0.999414       512130      1706.67
   18104.319     0.999512       512205      2048.00
   18104.319     0.999561       512205      2275.56
   18120.703     0.999609       512262      2560.00
   18120.703     0.999658       512262      2925.71
   18120.703     0.999707       512262      3413.33
   18137.087     0.999756       512303      4096.00
   18137.087     0.999780       512303      4551.11
   18153.471     0.999805       512343      5120.00
   18153.471     0.999829       512343      5851.43
   18153.471     0.999854       512343      6826.67
   18169.855     0.999878       512368      8192.00
   18169.855     0.999890       512368      9102.22
   18169.855     0.999902       512368     10240.00
   18186.239     0.999915       512378     11702.86
   18186.239     0.999927       512378     13653.33
   18202.623     0.999939       512390     16384.00
   18202.623     0.999945       512390     18204.44
   18202.623     0.999951       512390     20480.00
   18219.007     0.999957       512404     23405.71
   18219.007     0.999963       512404     27306.67
   18219.007     0.999969       512404     32768.00
   18219.007     0.999973       512404     36408.89
   18219.007     0.999976       512404     40960.00
   18219.007     0.999979       512404     46811.43
   18219.007     0.999982       512404     54613.33
   18235.391     0.999985       512409     65536.00
   18235.391     0.999986       512409     72817.78
   18235.391     0.999988       512409     81920.00
   18235.391     0.999989       512409     93622.86
   18235.391     0.999991       512409    109226.67
   18235.391     0.999992       512409    131072.00
   18235.391     0.999993       512409    145635.56
   18235.391     0.999994       512409    163840.00
   18251.775     0.999995       512412    187245.71
   18251.775     1.000000       512412          inf
#[Mean    =    11276.719, StdDeviation   =     3702.131]
#[Max     =    18235.392, Total count    =       512412]
#[Buckets =           27, SubBuckets     =         2048]
----------------------------------------------------------
  804015 requests in 30.00s, 185.62MB read
Requests/sec:  26800.11
Transfer/sec:      6.19MB
