Running 30s test @ http://localhost:8080/api/v1/books/hello
  4 threads and 256 connections
  Thread calibration: mean lat.: 1291.947ms, rate sampling interval: 5140ms
  Thread calibration: mean lat.: 1406.518ms, rate sampling interval: 5443ms
  Thread calibration: mean lat.: 2339.411ms, rate sampling interval: 7626ms
  Thread calibration: mean lat.: 1664.623ms, rate sampling interval: 6492ms
  Thread Stats   Avg      Stdev     Max   +/- Stdev
    Latency     6.36s     1.88s   12.12s    64.02%
    Req/Sec    21.79k     1.96k   24.08k    81.82%
  Latency Distribution (HdrHistogram - Recorded Latency)
 50.000%    6.31s 
 75.000%    7.77s 
 90.000%    8.86s 
 99.000%   10.52s 
 99.900%   11.60s 
 99.990%   11.85s 
 99.999%   12.08s 
100.000%   12.13s 

  Detailed Percentile spectrum:
       Value   Percentile   TotalCount 1/(1-Percentile)

    1124.351     0.000000            1         1.00
    3956.735     0.100000       170814         1.11
    4612.095     0.200000       341314         1.25
    5132.287     0.300000       512310         1.43
    5713.919     0.400000       683314         1.67
    6311.935     0.500000       853928         2.00
    6582.271     0.550000       938886         2.22
    6868.991     0.600000      1024612         2.50
    7155.711     0.650000      1109037         2.86
    7467.007     0.700000      1194821         3.33
    7774.207     0.750000      1280478         4.00
    7938.047     0.775000      1322514         4.44
    8105.983     0.800000      1365157         5.00
    8278.015     0.825000      1407569         5.71
    8470.527     0.850000      1450882         6.67
    8658.943     0.875000      1493792         8.00
    8749.055     0.887500      1514618         8.89
    8855.551     0.900000      1536422        10.00
    8978.431     0.912500      1557772        11.43
    9125.887     0.925000      1578527        13.33
    9297.919     0.937500      1600116        16.00
    9388.031     0.943750      1610872        17.78
    9469.951     0.950000      1620896        20.00
    9568.255     0.956250      1631837        22.86
    9682.943     0.962500      1642525        26.67
    9814.015     0.968750      1653197        32.00
    9895.935     0.971875      1658614        35.56
    9977.855     0.975000      1663498        40.00
   10076.159     0.978125      1669257        45.71
   10158.079     0.981250      1674427        53.33
   10248.191     0.984375      1679522        64.00
   10305.535     0.985938      1682413        71.11
   10379.263     0.987500      1684954        80.00
   10461.183     0.989062      1687555        91.43
   10559.487     0.990625      1690293       106.67
   10682.367     0.992188      1692889       128.00
   10747.903     0.992969      1694190       142.22
   10805.247     0.993750      1695485       160.00
   10870.783     0.994531      1696966       182.86
   10928.127     0.995313      1698230       213.33
   11001.855     0.996094      1699501       256.00
   11051.007     0.996484      1700148       284.44
   11108.351     0.996875      1700888       320.00
   11157.503     0.997266      1701572       365.71
   11198.463     0.997656      1702141       426.67
   11288.575     0.998047      1702828       512.00
   11354.111     0.998242      1703182       568.89
   11411.455     0.998437      1703498       640.00
   11476.991     0.998633      1703815       731.43
   11550.719     0.998828      1704160       853.33
   11608.063     0.999023      1704491      1024.00
   11632.639     0.999121      1704680      1137.78
   11649.023     0.999219      1704807      1280.00
   11673.599     0.999316      1705043      1462.86
   11689.983     0.999414      1705203      1706.67
   11706.367     0.999512      1705367      2048.00
   11714.559     0.999561      1705435      2275.56
   11722.751     0.999609      1705489      2560.00
   11739.135     0.999658      1705590      2925.71
   11747.327     0.999707      1705634      3413.33
   11763.711     0.999756      1705718      4096.00
   11780.095     0.999780      1705781      4551.11
   11788.287     0.999805      1705810      5120.00
   11804.671     0.999829      1705857      5851.43
   11812.863     0.999854      1705884      6826.67
   11829.247     0.999878      1705931      8192.00
   11837.439     0.999890      1705950      9102.22
   11853.823     0.999902      1705975     10240.00
   11870.207     0.999915      1705995     11702.86
   11886.591     0.999927      1706015     13653.33
   11902.975     0.999939      1706032     16384.00
   11911.167     0.999945      1706040     18204.44
   11919.359     0.999951      1706049     20480.00
   11927.551     0.999957      1706059     23405.71
   11960.319     0.999963      1706072     27306.67
   11993.087     0.999969      1706079     32768.00
   12009.471     0.999973      1706085     36408.89
   12025.855     0.999976      1706094     40960.00
   12034.047     0.999979      1706100     46811.43
   12034.047     0.999982      1706100     54613.33
   12042.239     0.999985      1706106     65536.00
   12058.623     0.999986      1706110     72817.78
   12066.815     0.999988      1706113     81920.00
   12066.815     0.999989      1706113     93622.86
   12075.007     0.999991      1706116    109226.67
   12083.199     0.999992      1706118    131072.00
   12091.391     0.999993      1706122    145635.56
   12091.391     0.999994      1706122    163840.00
   12091.391     0.999995      1706122    187245.71
   12107.775     0.999995      1706126    218453.33
   12107.775     0.999996      1706126    262144.00
   12107.775     0.999997      1706126    291271.11
   12107.775     0.999997      1706126    327680.00
   12115.967     0.999997      1706128    374491.43
   12115.967     0.999998      1706128    436906.67
   12115.967     0.999998      1706128    524288.00
   12124.159     0.999998      1706129    582542.22
   12124.159     0.999998      1706129    655360.00
   12124.159     0.999999      1706129    748982.86
   12132.351     0.999999      1706131    873813.33
   12132.351     1.000000      1706131          inf
#[Mean    =     6355.801, StdDeviation   =     1875.445]
#[Max     =    12124.160, Total count    =      1706131]
#[Buckets =           27, SubBuckets     =         2048]
----------------------------------------------------------
  2460699 requests in 30.00s, 321.94MB read
Requests/sec:  82021.27
Transfer/sec:     10.73MB
