Running 30s test @ http://localhost:8080/api/v1/books/random/rows/1000/
  4 threads and 256 connections
  Thread calibration: mean lat.: 4253.942ms, rate sampling interval: 16523ms
  Thread calibration: mean lat.: 4258.471ms, rate sampling interval: 16531ms
  Thread calibration: mean lat.: 4266.590ms, rate sampling interval: 16547ms
  Thread calibration: mean lat.: 4190.488ms, rate sampling interval: 15310ms
  Thread Stats   Avg      Stdev     Max   +/- Stdev
    Latency    16.85s     4.89s   27.51s    61.39%
    Req/Sec     2.08k    44.95     2.15k    75.00%
  Latency Distribution (HdrHistogram - Recorded Latency)
 50.000%   16.47s 
 75.000%   20.46s 
 90.000%   24.13s 
 99.000%   27.05s 
 99.900%   27.36s 
 99.990%   27.46s 
 99.999%   27.49s 
100.000%   27.53s 

  Detailed Percentile spectrum:
       Value   Percentile   TotalCount 1/(1-Percentile)

    8437.759     0.000000            3         1.00
   10502.143     0.100000        15143         1.11
   11862.015     0.200000        30200         1.25
   13459.455     0.300000        45262         1.43
   14983.167     0.400000        60297         1.67
   16474.111     0.500000        75405         2.00
   17285.119     0.550000        82975         2.22
   18251.775     0.600000        90579         2.50
   19005.439     0.650000        97975         2.86
   19709.951     0.700000       105575         3.33
   20463.615     0.750000       113102         4.00
   20856.831     0.775000       116857         4.44
   21282.815     0.800000       120646         5.00
   21839.871     0.825000       124416         5.71
   22413.311     0.850000       128142         6.67
   23035.903     0.875000       131899         8.00
   23445.503     0.887500       133779         8.89
   24133.631     0.900000       135665        10.00
   24575.999     0.912500       137550        11.43
   24870.911     0.925000       139440        13.33
   25231.359     0.937500       141354        16.00
   25427.967     0.943750       142253        17.78
   25640.959     0.950000       143214        20.00
   25886.719     0.956250       144191        22.86
   26099.711     0.962500       145078        26.67
   26345.471     0.968750       146036        32.00
   26443.775     0.971875       146556        35.56
   26525.695     0.975000       146965        40.00
   26623.999     0.978125       147484        45.71
   26722.303     0.981250       147969        53.33
   26820.607     0.984375       148394        64.00
   26869.759     0.985938       148608        71.11
   26935.295     0.987500       148870        80.00
   27000.831     0.989062       149079        91.43
   27066.367     0.990625       149334       106.67
   27115.519     0.992188       149565       128.00
   27131.903     0.992969       149664       142.22
   27164.671     0.993750       149831       160.00
   27181.055     0.994531       149919       182.86
   27213.823     0.995313       150070       213.33
   27230.207     0.996094       150139       256.00
   27246.591     0.996484       150210       284.44
   27262.975     0.996875       150271       320.00
   27279.359     0.997266       150336       365.71
   27295.743     0.997656       150389       426.67
   27312.127     0.998047       150438       512.00
   27328.511     0.998242       150497       568.89
   27328.511     0.998437       150497       640.00
   27344.895     0.998633       150544       731.43
   27361.279     0.998828       150572       853.33
   27377.663     0.999023       150610      1024.00
   27377.663     0.999121       150610      1137.78
   27377.663     0.999219       150610      1280.00
   27394.047     0.999316       150644      1462.86
   27394.047     0.999414       150644      1706.67
   27410.431     0.999512       150658      2048.00
   27410.431     0.999561       150658      2275.56
   27426.815     0.999609       150678      2560.00
   27426.815     0.999658       150678      2925.71
   27443.199     0.999707       150705      3413.33
   27443.199     0.999756       150705      4096.00
   27443.199     0.999780       150705      4551.11
   27443.199     0.999805       150705      5120.00
   27443.199     0.999829       150705      5851.43
   27443.199     0.999854       150705      6826.67
   27443.199     0.999878       150705      8192.00
   27459.583     0.999890       150709      9102.22
   27459.583     0.999902       150709     10240.00
   27475.967     0.999915       150720     11702.86
   27475.967     0.999927       150720     13653.33
   27475.967     0.999939       150720     16384.00
   27475.967     0.999945       150720     18204.44
   27475.967     0.999951       150720     20480.00
   27475.967     0.999957       150720     23405.71
   27475.967     0.999963       150720     27306.67
   27475.967     0.999969       150720     32768.00
   27475.967     0.999973       150720     36408.89
   27475.967     0.999976       150720     40960.00
   27475.967     0.999979       150720     46811.43
   27492.351     0.999982       150721     54613.33
   27492.351     0.999985       150721     65536.00
   27492.351     0.999986       150721     72817.78
   27508.735     0.999988       150722     81920.00
   27508.735     0.999989       150722     93622.86
   27508.735     0.999991       150722    109226.67
   27508.735     0.999992       150722    131072.00
   27508.735     0.999993       150722    145635.56
   27525.119     0.999994       150723    163840.00
   27525.119     1.000000       150723          inf
#[Mean    =    16845.976, StdDeviation   =     4894.400]
#[Max     =    27508.736, Total count    =       150723]
#[Buckets =           27, SubBuckets     =         2048]
----------------------------------------------------------
  242572 requests in 30.00s, 56.00MB read
Requests/sec:   8085.29
Transfer/sec:      1.87MB
